1.482598691511149122e-17
1.482597005071838240e-17
1.120106630938875496e-17
2.940603611009753238e-18
8.936587979514412010e-18
1.122211115049942826e-16
1.011474388568317168e-17
3.728616628089226560e-17
4.529405271190687557e-17
1.270154971284524585e-17
5.529476155150918642e-18
3.099310056264445455e-18
1.715256554293175963e-16
2.260438735766899657e-17
3.793260085600470362e-17
4.346102205903047245e-17
3.884332360047341757e-17
2.253931357416824652e-17
4.679524436394352444e-18
2.899875367168827336e-18
1.683215174953227102e-16
3.317723538197363558e-18
2.690130043619317755e-17
3.776445608534803491e-17
4.019299092406470377e-17
3.375545271326888900e-17
2.028782032886490427e-17
4.051613340777648820e-18
2.409486272645618093e-18
2.193401008192337384e-16
1.353094759732537376e-17
2.127126745847059472e-17
3.266202100321012593e-17
3.430209242629565023e-17
3.771657730350622961e-17
3.264071435108588473e-17
2.461406113329676807e-17
1.763629870808812761e-17
3.213673580148063364e-18
2.436110958124280373e-18
2.593542643409331258e-16
9.453359855920213637e-18
3.919956757931108188e-17
2.036256918745715355e-17
2.661883939488867900e-17
3.374122221921803496e-17
3.234561071588651947e-17
3.050182298867774296e-17
2.700785478496254597e-17
2.043934637388961878e-17
1.401618081227014144e-17
2.756779119180339508e-18
3.251718697362711730e-18
3.581249308829425169e-16
5.360200386061742531e-18
2.343343515048343321e-17
9.298367785625579732e-17
4.001277760253439751e-17
2.627727953548074907e-17
2.837803780992025887e-17
3.063747823883311068e-17
2.950449161552393018e-17
2.554852363540775189e-17
2.022937415954282092e-17
1.675921097031161290e-17
1.146679790990499944e-17
2.616629369164804082e-18
4.657582070882907217e-18
6.104277904673691676e-16
5.993056093460308086e-18
8.663065978738113700e-17
1.022561701761487904e-16
8.697239261706096726e-17
7.591961636854872669e-17
6.879439540718187355e-17
2.917539101655019025e-17
2.648200639082171124e-17
2.691601537718755050e-17
2.522612849089006565e-17
2.153272647326324172e-17
1.988340282726868056e-17
1.436396047281818591e-17
9.678983495234083207e-18
2.803978351608943178e-18
6.990022398924029874e-18
7.728112841981986149e-16
3.255339513418002513e-17
7.482370307403189395e-17
1.133081731221106192e-16
9.755547670250081139e-17
9.080870849490086104e-17
7.698867303189866009e-17
6.661017842707957054e-17
5.559858784463771411e-17
2.502871533165910822e-17
2.430673637501986868e-17
2.387734321885772756e-17
2.153255505564384868e-17
1.966813837058486462e-17
1.684290285159413553e-17
1.254705103705599616e-17
8.303748020036938754e-18
2.741765295816854116e-18
1.111008628031117301e-17
8.631700902639639676e-16
1.145869626670588730e-17
3.914251941867043596e-17
1.192479697374980641e-16
1.070916373822107722e-16
9.696927007652431171e-17
8.629604177331897471e-17
8.065821751913061763e-17
6.499730548604345866e-17
5.518694061184284688e-17
4.917364791435984851e-17
2.263453196884013347e-17
2.188642776190149291e-17
2.122891007326978383e-17
1.901644759798733188e-17
1.754732409028172523e-17
1.587346214636506553e-17
1.077046839555648533e-17
7.262070320640864281e-18
3.515886283984510748e-18
1.982097359378688970e-17
1.099437681910112294e-15
1.632153482085846999e-20
2.926113648140318093e-17
1.429494206651737747e-17
2.367443520807990635e-17
5.411332637069127953e-17
7.257606830143115086e-17
7.848563187703211010e-17
9.018785352804261643e-17
8.297383924066760713e-17
5.987307080216972978e-17
6.200600693342396302e-17
5.821897865311652751e-17
4.230523788373141395e-17
4.347764574373673491e-17
3.901935577670090035e-17
3.471396676171547730e-17
2.178199764271521200e-17
2.160584348336275306e-17
2.229190210604191515e-17
2.505645540606115078e-17
3.694332404020507288e-17
6.201782176858445628e-17
2.518119259811234824e-17
1.996065636751333094e-17
1.898416995205665211e-17
5.334300748246724182e-17
