Z  z1         4.0        4.1        4.2        4.3        4.4        4.5        4.6        4.7        4.8        4.9        5.0        5.1        5.2        5.3        5.4        5.5        5.6        5.7        5.8        5.9        6.0        6.1        6.2        6.3        6.4        6.5        6.6        6.7        6.8        6.9        7.0        7.1        7.2        7.3        7.4        7.5        7.6        7.7        7.8        7.9        8.0        8.1        8.2        8.3        8.4        8.5        8.6        8.7        8.8        8.9        9.0
 1  0 -23.186603 -22.436093 -21.609510 -20.926395 -20.379143 -19.943664 -19.591238 -19.306539 -19.078352 -18.893408 -18.745596 -18.627380 -18.532767 -18.457519 -18.398404 -18.353626 -18.319638 -18.292758 -18.273301 -18.260655 -18.251401 -18.247488 -18.248572 -18.251276 -18.258083 -18.268417 -18.279558 -18.294368 -18.311845 -18.329715 -18.350920 -18.374098 -18.397458 -18.423566 -18.450955 -18.478416 -18.508073 -18.538517 -18.568979 -18.601238 -18.633970 -18.666699 -18.700946 -18.735468 -18.769979 -18.805803 -18.841770 -18.877726 -18.914837 -18.952001 -18.989153
 1  1 -23.537226 -22.472555 -21.613805 -20.927124 -20.379309 -19.943713 -19.591256 -19.306546 -19.078355 -18.893410 -18.745596 -18.627380 -18.532767 -18.457519 -18.398404 -18.353626 -18.319638 -18.292758 -18.273301 -18.260655 -18.251401 -18.247488 -18.248572 -18.251276 -18.258083 -18.268417 -18.279558 -18.294368 -18.311845 -18.329715 -18.350920 -18.374098 -18.397458 -18.423566 -18.450955 -18.478416 -18.508073 -18.538517 -18.568979 -18.601238 -18.633970 -18.666699 -18.700946 -18.735468 -18.769979 -18.805803 -18.841770 -18.877726 -18.914837 -18.952001 -18.989153
 2  0 -22.065899 -22.140073 -22.212890 -22.265375 -22.142942 -21.500040 -20.893731 -20.389433 -19.985755 -19.663308 -19.404289 -19.195133 -19.025283 -18.888101 -18.776906 -18.685548 -18.611111 -18.550921 -18.503166 -18.465663 -18.437329 -18.415205 -18.399422 -18.388968 -18.383065 -18.380664 -18.382490 -18.387792 -18.394960 -18.406211 -18.419271 -18.433591 -18.451568 -18.470098 -18.490172 -18.512464 -18.534565 -18.557979 -18.581378 -18.603061 -18.624455 -18.643123 -18.659221 -18.674704 -18.689895 -18.707316 -18.728413 -18.752965 -18.781361 -18.812524 -18.845521
 2  1 -28.572750 -26.516677 -24.880094 -23.576692 -22.536662 -21.552326 -20.905345 -20.396744 -19.999122 -19.691110 -19.456229 -19.281605 -19.156605 -19.071717 -19.018054 -18.987495 -18.973129 -18.969575 -18.972994 -18.980853 -18.991603 -19.004357 -19.018649 -19.034254 -19.051074 -19.069073 -19.088233 -19.108530 -19.129922 -19.152336 -19.175658 -19.199713 -19.224234 -19.248816 -19.272847 -19.295407 -19.315157 -19.330243 -19.338334 -19.336987 -19.324513 -19.301246 -19.270520 -19.238319 -19.211350 -19.194630 -19.190190 -19.197398 -19.214165 -19.238079 -19.267038
 2  2 -23.107553 -23.158576 -23.209107 -23.258304 -23.306288 -23.327369 -23.029027 -22.214298 -21.419732 -20.774555 -20.260848 -19.854014 -19.531162 -19.279058 -19.081305 -18.924448 -18.801562 -18.705911 -18.632403 -18.575865 -18.533733 -18.500664 -18.476659 -18.459892 -18.448997 -18.442557 -18.441362 -18.444359 -18.449494 -18.459475 -18.471481 -18.484864 -18.502525 -18.520811 -18.541009 -18.564085 -18.587449 -18.613266 -18.640526 -18.667906 -18.697927 -18.728261 -18.759034 -18.791630 -18.824234 -18.857639 -18.892000 -18.926348 -18.961734 -18.997500 -19.033237
 6  0 -19.746556 -19.809348 -19.852134 -19.793332 -19.534456 -19.165854 -18.814433 -18.518908 -18.278345 -18.085160 -17.930418 -17.805820 -17.705726 -17.625111 -17.560437 -17.509277 -17.469132 -17.438695 -17.417433 -17.402931 -17.393195 -17.389083 -17.387926 -17.388847 -17.393654 -17.400119 -17.408210 -17.417566 -17.430534 -17.444697 -17.460215 -17.478516 -17.498109 -17.518761 -17.542025 -17.566385 -17.594273 -17.622174 -17.651751 -17.681388 -17.711156 -17.741552 -17.772433 -17.803543 -17.834790 -17.866551 -17.898517 -17.930694 -17.961439 -17.992196 -18.022973
 6  1 -23.117665 -22.715555 -21.882967 -21.227507 -20.700646 -20.284899 -19.956741 -19.696529 -19.478046 -19.298447 -19.147403 -19.015529 -18.900524 -18.799033 -18.714532 -18.640688 -18.575933 -18.519018 -18.479686 -18.446354 -18.417911 -18.404591 -18.394675 -18.387439 -18.392287 -18.398970 -18.406992 -18.416116 -18.433515 -18.451569 -18.470115 -18.493936 -18.518096 -18.542503 -18.571524 -18.600775 -18.630156 -18.659653 -18.692072 -18.724555 -18.757076 -18.790614 -18.824158 -18.857696 -18.890675 -18.923583 -18.956416 -18.989129 -19.017789 -19.046093 -19.074035
 6  2 -23.778735 -22.818486 -21.822377 -21.007736 -20.351785 -19.822246 -19.393830 -19.047780 -18.769044 -18.547021 -18.372211 -18.234793 -18.128509 -18.047164 -17.984310 -17.936915 -17.901705 -17.876101 -17.858201 -17.846437 -17.839606 -17.838323 -17.840473 -17.845464 -17.855394 -17.867477 -17.881356 -17.896778 -17.916144 -17.936687 -17.958234 -17.982534 -18.007620 -18.033381 -18.061480 -18.090141 -18.119276 -18.148834 -18.179902 -18.211309 -18.243015 -18.275114 -18.307449 -18.339988 -18.371167 -18.402436 -18.433785 -18.465143 -18.491509 -18.517617 -18.543442
 6  3 -22.893672 -22.216647 -21.282462 -20.501912 -19.885065 -19.401383 -19.023360 -18.728484 -18.498509 -18.318822 -18.177997 -18.067250 -17.979788 -17.910472 -17.855613 -17.812781 -17.780367 -17.757102 -17.741919 -17.733693 -17.731451 -17.734606 -17.742047 -17.753092 -17.767756 -17.785030 -17.804524 -17.825927 -17.849591 -17.874700 -17.901066 -17.929003 -17.957928 -17.987725 -18.018739 -18.050472 -18.082842 -18.115788 -18.149554 -18.183805 -18.218494 -18.253617 -18.289112 -18.324947 -18.360665 -18.396648 -18.432874 -18.469304 -18.504473 -18.539703 -18.574951
 6  4 -22.838319 -22.917138 -22.989821 -23.056584 -23.115515 -23.105848 -22.623028 -21.780484 -21.037448 -20.442611 -19.968657 -19.596531 -19.306909 -19.076931 -18.901210 -18.769584 -18.665089 -18.588697 -18.534872 -18.498430 -18.468945 -18.447769 -18.431457 -18.416035 -18.401202 -18.385684 -18.371248 -18.355580 -18.342884 -18.330733 -18.321695 -18.318705 -18.317045 -18.318275 -18.327518 -18.338081 -18.366577 -18.392341 -18.421559 -18.448819 -18.474717 -18.502899 -18.530582 -18.557978 -18.588934 -18.619932 -18.650996 -18.682190 -18.715960 -18.749883 -18.783969
 6  5 -21.277058 -21.338219 -21.399500 -21.462800 -21.525748 -21.587994 -21.652533 -21.715711 -21.777234 -21.836557 -21.896593 -21.952967 -22.005046 -22.054315 -22.092643 -22.058885 -21.729205 -21.145159 -20.586738 -20.128737 -19.766195 -19.482244 -19.259387 -19.086286 -18.952528 -18.850184 -18.771407 -18.711096 -18.668883 -18.637540 -18.614702 -18.598665 -18.592383 -18.590148 -18.591193 -18.599194 -18.609172 -18.620728 -18.636699 -18.653632 -18.671316 -18.689701 -18.712051 -18.734738 -18.757755 -18.784487 -18.811359 -18.838368 -18.868844 -18.899367 -18.929926
 6  6 -19.744071 -20.051495 -20.181534 -20.260580 -20.325948 -20.389283 -20.450978 -20.511832 -20.575795 -20.639012 -20.701588 -20.763459 -20.828686 -20.892477 -20.954776 -21.019011 -21.074275 -21.078824 -20.941041 -20.621853 -20.253021 -19.925724 -19.668062 -19.461496 -19.297676 -19.174133 -19.078782 -19.004908 -18.951445 -18.912345 -18.883863 -18.865482 -18.855169 -18.850272 -18.849245 -18.852160 -18.858756 -18.868520 -18.880167 -18.894584 -18.911903 -18.930100 -18.948979 -18.970100 -18.993762 -19.017665 -19.043229 -19.070846 -19.098573 -19.127715 -19.158707
 7  0 -19.433504 -19.494551 -19.530618 -19.474423 -19.260467 -18.947095 -18.629973 -18.350774 -18.116408 -17.924839 -17.769047 -17.641868 -17.537520 -17.452707 -17.384207 -17.329181 -17.286036 -17.253059 -17.228628 -17.211533 -17.200505 -17.195572 -17.194122 -17.195654 -17.201439 -17.209143 -17.218497 -17.229267 -17.243419 -17.258845 -17.275401 -17.294496 -17.314903 -17.336296 -17.360326 -17.385382 -17.411482 -17.438291 -17.469212 -17.500230 -17.531379 -17.562880 -17.594402 -17.626147 -17.657679 -17.689330 -17.721433 -17.753915 -17.784384 -17.815285 -17.846236
 7  1 -24.011167 -22.805687 -21.846478 -21.090188 -20.484244 -19.994938 -19.597264 -19.279193 -19.028741 -18.834209 -18.677277 -18.543772 -18.429026 -18.332300 -18.254274 -18.192485 -18.144089 -18.106376 -18.080127 -18.061105 -18.047819 -18.042776 -18.041735 -18.043867 -18.052890 -18.064283 -18.077565 -18.092417 -18.112266 -18.133275 -18.155246 -18.180334 -18.206170 -18.232633 -18.262206 -18.292322 -18.322884 -18.353844 -18.386629 -18.419739 -18.453131 -18.487393 -18.521882 -18.556572 -18.591120 -18.625793 -18.660573 -18.695420 -18.728034 -18.760505 -18.792808
 7  2 -22.674940 -22.348569 -21.620616 -20.915962 -20.335911 -19.864165 -19.476454 -19.154125 -18.884460 -18.660179 -18.475854 -18.325527 -18.205066 -18.109882 -18.034790 -17.976449 -17.931581 -17.897465 -17.872585 -17.854546 -17.841979 -17.836049 -17.833842 -17.834660 -17.841467 -17.850517 -17.861396 -17.873816 -17.890990 -17.909324 -17.928632 -17.951321 -17.974775 -17.998876 -18.025770 -18.053224 -18.081135 -18.109451 -18.139653 -18.170182 -18.200993 -18.232332 -18.263893 -18.295645 -18.325976 -18.356388 -18.386874 -18.417357 -18.442440 -18.467269 -18.491822
 7  3 -22.960612 -22.587883 -21.756122 -20.977984 -20.341444 -19.826493 -19.410245 -19.074009 -18.802363 -18.582520 -18.404126 -18.258948 -18.140859 -18.045290 -17.968419 -17.907482 -17.860075 -17.824199 -17.797926 -17.779771 -17.768364 -17.763084 -17.762477 -17.765750 -17.773671 -17.784433 -17.797596 -17.812827 -17.831313 -17.851386 -17.872838 -17.896838 -17.921937 -17.947996 -17.975913 -18.004628 -18.034039 -18.064071 -18.095477 -18.127399 -18.159780 -18.192690 -18.225984 -18.259620 -18.292718 -18.326065 -18.359637 -18.393373 -18.424369 -18.455325 -18.486193
 7  4 -22.407332 -22.417063 -22.121884 -21.330761 -20.561421 -19.943184 -19.458157 -19.079838 -18.785743 -18.557484 -18.380296 -18.242471 -18.134531 -18.049292 -17.981667 -17.928281 -17.886902 -17.855820 -17.833539 -17.818751 -17.810350 -17.807568 -17.809422 -17.815229 -17.824962 -17.837645 -17.852861 -17.870271 -17.890257 -17.911921 -17.935055 -17.960085 -17.986283 -18.013513 -18.042214 -18.071762 -18.102062 -18.133038 -18.165053 -18.197631 -18.230716 -18.264364 -18.298434 -18.332885 -18.367230 -18.401865 -18.436760 -18.471868 -18.505490 -18.539149 -18.572808
 7  5 -22.264383 -21.523856 -20.778713 -20.176953 -19.706228 -19.339892 -19.058335 -18.844161 -18.680282 -18.558682 -18.469909 -18.405449 -18.354004 -18.313134 -18.278669 -18.245278 -18.216607 -18.193764 -18.171934 -18.157045 -18.148955 -18.146774 -18.145478 -18.147305 -18.150979 -18.154981 -18.158676 -18.161495 -18.166441 -18.170646 -18.174129 -18.179711 -18.188165 -18.196574 -18.209866 -18.225621 -18.241851 -18.258082 -18.294039 -18.326814 -18.357195 -18.388977 -18.419690 -18.449673 -18.481664 -18.513464 -18.545166 -18.576884 -18.611357 -18.645952 -18.680696
 7  6 -20.942022 -21.011929 -21.083988 -21.155322 -21.226071 -21.299570 -21.371941 -21.443409 -21.518704 -21.592058 -21.662976 -21.730857 -21.800125 -21.863753 -21.920658 -21.972936 -21.997095 -21.868110 -21.420737 -20.858484 -20.364063 -19.964528 -19.650101 -19.403808 -19.211143 -19.062099 -18.947546 -18.859605 -18.792254 -18.742521 -18.707145 -18.681287 -18.662887 -18.652436 -18.649151 -18.649422 -18.654425 -18.664131 -18.675576 -18.689679 -18.706608 -18.724371 -18.742782 -18.763258 -18.786058 -18.809126 -18.833913 -18.860822 -18.887853 -18.916391 -18.946897
 7  7 -19.792561 -19.849399 -19.906789 -19.965628 -20.025961 -20.086508 -20.148281 -20.211290 -20.274089 -20.338428 -20.404576 -20.470024 -20.534750 -20.600947 -20.668742 -20.735070 -20.801721 -20.866499 -20.910415 -20.873748 -20.683241 -20.370584 -20.047261 -19.769743 -19.546046 -19.368257 -19.231025 -19.123258 -19.037026 -18.972043 -18.922938 -18.885829 -18.859398 -18.844055 -18.838689 -18.838714 -18.851258 -18.868356 -18.889019 -18.913629 -18.939900 -18.960650 -18.980014 -18.999607 -19.017561 -19.035865 -19.059480 -19.086465 -19.114039 -19.150398 -19.186882
 8  0 -19.166591 -19.229757 -19.286846 -19.309714 -19.235933 -19.030109 -18.752243 -18.474858 -18.229346 -18.021925 -17.850272 -17.709777 -17.595200 -17.501017 -17.422791 -17.358591 -17.306641 -17.265838 -17.235005 -17.212834 -17.198015 -17.189970 -17.187117 -17.188271 -17.193461 -17.201493 -17.211909 -17.224398 -17.239804 -17.256900 -17.275623 -17.296628 -17.318716 -17.341981 -17.367142 -17.393319 -17.420272 -17.448015 -17.476956 -17.507328 -17.539205 -17.571178 -17.603277 -17.635450 -17.666806 -17.698478 -17.730419 -17.762476 -17.791969 -17.821523 -17.851014
 8  1 -23.327461 -22.923856 -22.070651 -21.394106 -20.851774 -20.423283 -20.086363 -19.822782 -19.608907 -19.441596 -19.311206 -19.203959 -19.120207 -19.055394 -19.003149 -18.963383 -18.933737 -18.912223 -18.898803 -18.890549 -18.886293 -18.889316 -18.894910 -18.902475 -18.916999 -18.932855 -18.949701 -18.967362 -18.990053 -19.013199 -19.036685 -19.063887 -19.091179 -19.118485 -19.148121 -19.177806 -19.207469 -19.237085 -19.268307 -19.299452 -19.330508 -19.360701 -19.390834 -19.420897 -19.446278 -19.471565 -19.496802 -19.521861 -19.535088 -19.548278 -19.561426
 8  2 -23.128978 -23.104741 -22.599272 -21.761270 -21.024587 -20.427073 -19.941349 -19.541832 -19.210316 -18.935875 -18.711103 -18.528582 -18.383498 -18.270369 -18.182192 -18.115712 -18.066883 -18.032044 -18.007248 -17.990662 -17.980450 -17.976381 -17.976222 -17.979186 -17.987302 -17.997569 -18.009615 -18.023187 -18.041102 -18.060122 -18.080079 -18.103101 -18.126837 -18.151184 -18.178066 -18.205465 -18.233290 -18.261495 -18.291199 -18.321207 -18.351479 -18.381826 -18.412386 -18.443130 -18.471379 -18.499707 -18.528117 -18.556510 -18.577383 -18.598056 -18.618510
 8  3 -22.014994 -22.003831 -21.904982 -21.462824 -20.825688 -20.254035 -19.788659 -19.414746 -19.112646 -18.864916 -18.657995 -18.482891 -18.334825 -18.211424 -18.110637 -18.030393 -17.967938 -17.920421 -17.884987 -17.859383 -17.841732 -17.830922 -17.825392 -17.824291 -17.827978 -17.834891 -17.844593 -17.856737 -17.872212 -17.889574 -17.908610 -17.930075 -17.952879 -17.976879 -18.002797 -18.029703 -18.057485 -18.086058 -18.115860 -18.146318 -18.177365 -18.208952 -18.241031 -18.273553 -18.305497 -18.337775 -18.370357 -18.403175 -18.433182 -18.463211 -18.493210
 8  4 -22.289815 -22.363611 -22.251563 -21.629479 -20.893739 -20.274772 -19.775787 -19.376073 -19.057249 -18.803683 -18.602179 -18.440733 -18.308301 -18.196248 -18.099557 -18.016757 -17.947761 -17.892575 -17.850022 -17.818925 -17.797673 -17.784529 -17.778267 -17.777755 -17.782297 -17.790972 -17.803148 -17.818295 -17.836483 -17.856829 -17.879023 -17.903312 -17.928983 -17.955850 -17.984338 -18.013763 -18.044002 -18.074959 -18.106933 -18.139485 -18.172549 -18.206146 -18.240159 -18.274541 -18.308592 -18.342911 -18.377470 -18.412213 -18.444902 -18.477575 -18.510194
 8  5 -21.995911 -21.804289 -21.309215 -20.762880 -20.285215 -19.869118 -19.498195 -19.171380 -18.892476 -18.662165 -18.477547 -18.332810 -18.220322 -18.131667 -18.060007 -18.000862 -17.952419 -17.914447 -17.886188 -17.866902 -17.855750 -17.851645 -17.853078 -17.859245 -17.869877 -17.884217 -17.901821 -17.922088 -17.944930 -17.969408 -17.995198 -18.022549 -18.050811 -18.079851 -18.110072 -18.140915 -18.172306 -18.204190 -18.236899 -18.270032 -18.303553 -18.337553 -18.371897 -18.406553 -18.441064 -18.475817 -18.510787 -18.545932 -18.579599 -18.613278 -18.646938
 8  6 -21.990145 -21.851639 -21.234752 -20.544370 -19.976436 -19.531199 -19.186116 -18.920864 -18.719758 -18.567993 -18.454456 -18.372698 -18.315294 -18.273916 -18.242227 -18.217633 -18.195940 -18.175742 -18.159499 -18.146144 -18.135339 -18.130041 -18.130043 -18.133099 -18.137950 -18.145990 -18.156790 -18.169920 -18.184949 -18.202662 -18.223172 -18.244791 -18.267289 -18.291780 -18.318412 -18.345399 -18.373690 -18.403514 -18.433397 -18.471491 -18.519791 -18.564341 -18.605984 -18.645439 -18.683303 -18.720056 -18.756076 -18.791665 -18.827035 -18.862360 -18.897764
 8  7 -20.576182 -20.640873 -20.705660 -20.771997 -20.840128 -20.908193 -20.977778 -21.049152 -21.118948 -21.190750 -21.264234 -21.335757 -21.404806 -21.473486 -21.541179 -21.603311 -21.660712 -21.706975 -21.689464 -21.448111 -20.978958 -20.494228 -20.084451 -19.756767 -19.499803 -19.297544 -19.140598 -19.019788 -18.927149 -18.856172 -18.802494 -18.765075 -18.737715 -18.718246 -18.705470 -18.701720 -18.701743 -18.705086 -18.714106 -18.724949 -18.737481 -18.753950 -18.771279 -18.789269 -18.808172 -18.830727 -18.853561 -18.876946 -18.903665 -18.930535 -18.957810
 8  8 -19.472006 -19.531398 -19.591108 -19.650997 -19.711202 -19.773056 -19.834760 -19.896377 -19.959942 -20.022876 -20.085877 -20.151625 -20.216559 -20.280614 -20.344256 -20.410801 -20.475842 -20.539594 -20.604452 -20.658990 -20.670009 -20.588375 -20.375555 -20.102509 -19.843841 -19.638533 -19.466940 -19.332784 -19.232994 -19.153786 -19.095494 -19.054887 -19.021947 -18.999431 -18.985630 -18.978835 -18.974906 -18.975122 -18.978717 -18.986583 -18.996586 -19.008144 -19.024008 -19.041009 -19.058664 -19.076868 -19.099227 -19.122101 -19.145151 -19.171556 -19.198407
10  0 -18.729742 -18.793255 -18.856550 -18.918112 -18.968990 -18.980859 -18.909419 -18.739302 -18.512868 -18.281430 -18.072900 -17.895113 -17.746778 -17.624177 -17.521293 -17.433401 -17.357165 -17.291866 -17.237110 -17.191875 -17.155702 -17.128521 -17.108085 -17.093515 -17.085867 -17.082180 -17.081436 -17.083299 -17.090126 -17.098885 -17.109302 -17.123395 -17.138919 -17.155611 -17.175524 -17.196533 -17.218726 -17.241769 -17.267193 -17.293374 -17.320186 -17.348322 -17.377864 -17.407758 -17.437546 -17.467465 -17.497519 -17.527790 -17.555429 -17.582975 -17.610510
10  1 -24.586921 -23.767526 -22.649591 -21.761263 -21.055218 -20.496807 -20.057168 -19.713109 -19.444565 -19.236596 -19.076049 -18.950271 -18.849708 -18.766096 -18.692035 -18.624217 -18.560529 -18.500498 -18.450391 -18.401959 -18.356987 -18.326939 -18.300726 -18.277790 -18.271640 -18.268142 -18.266662 -18.266867 -18.279555 -18.293437 -18.307654 -18.328494 -18.349117 -18.368437 -18.395697 -18.423077 -18.450357 -18.477465 -18.509023 -18.540443 -18.571658 -18.605004 -18.638196 -18.671194 -18.704421 -18.737439 -18.770218 -18.802706 -18.831938 -18.860628 -18.888750
10  2 -23.563246 -23.600366 -23.633820 -23.607023 -23.062996 -22.103985 -21.261323 -20.582863 -20.041687 -19.613236 -19.275964 -19.009885 -18.801984 -18.640103 -18.511988 -18.411679 -18.332845 -18.270393 -18.220286 -18.179660 -18.146202 -18.121785 -18.102071 -18.086022 -18.079755 -18.076452 -18.075452 -18.076336 -18.086338 -18.097779 -18.110346 -18.129697 -18.149773 -18.170420 -18.194948 -18.219984 -18.245393 -18.271129 -18.300670 -18.330400 -18.360277 -18.391324 -18.422473 -18.453694 -18.483859 -18.514003 -18.544119 -18.574131 -18.598683 -18.622889 -18.646737
10  3 -22.049889 -22.134182 -22.210033 -22.272011 -22.221552 -21.739107 -21.044276 -20.439377 -19.952858 -19.562474 -19.245002 -18.982934 -18.764916 -18.583910 -18.434741 -18.313263 -18.215409 -18.137259 -18.074968 -18.025532 -17.986312 -17.955706 -17.931718 -17.913138 -17.900927 -17.893009 -17.888907 -17.888234 -17.893140 -17.900899 -17.911162 -17.925469 -17.941772 -17.959823 -17.981004 -18.003600 -18.027428 -18.052355 -18.079516 -18.107563 -18.136399 -18.166628 -18.197502 -18.228956 -18.260973 -18.293453 -18.326348 -18.359606 -18.392084 -18.424757 -18.457577
10  4 -21.682775 -21.717237 -21.754456 -21.783705 -21.700111 -21.260734 -20.656009 -20.126228 -19.703758 -19.373105 -19.113878 -18.906477 -18.734031 -18.584181 -18.449918 -18.330254 -18.226508 -18.139867 -18.067919 -18.011044 -17.967430 -17.933578 -17.908795 -17.891398 -17.880696 -17.874852 -17.872901 -17.874075 -17.880721 -17.889441 -17.899793 -17.914588 -17.930487 -17.947254 -17.968297 -17.990017 -18.012242 -18.034883 -18.060229 -18.085884 -18.111779 -18.138736 -18.165863 -18.193113 -18.218349 -18.243605 -18.268873 -18.294050 -18.311445 -18.328588 -18.345466
10  5 -21.107726 -21.105811 -21.095672 -21.021096 -20.811746 -20.493943 -20.140856 -19.794725 -19.478284 -19.200585 -18.963468 -18.765153 -18.601903 -18.465868 -18.348443 -18.243387 -18.149522 -18.069559 -18.005262 -17.955380 -17.917193 -17.888054 -17.866144 -17.850164 -17.839916 -17.834042 -17.832065 -17.833518 -17.839767 -17.848604 -17.859656 -17.874494 -17.891030 -17.909038 -17.930201 -17.952563 -17.975960 -18.000271 -18.026682 -18.053840 -18.081655 -18.110628 -18.140137 -18.170112 -18.199724 -18.229677 -18.259925 -18.290386 -18.317578 -18.344742 -18.371830
10  6 -21.974972 -21.974613 -21.900780 -21.593040 -21.112845 -20.630581 -20.192756 -19.802191 -19.460267 -19.168039 -18.923606 -18.723968 -18.564030 -18.436603 -18.332352 -18.242630 -18.162419 -18.090604 -18.028446 -17.977688 -17.939096 -17.912151 -17.895411 -17.887054 -17.884952 -17.887316 -17.893111 -17.901628 -17.912720 -17.925811 -17.940686 -17.957622 -17.976133 -17.996138 -18.017968 -18.041161 -18.065611 -18.091220 -18.118290 -18.146356 -18.175329 -18.205397 -18.236235 -18.267769 -18.300123 -18.333056 -18.366517 -18.400462 -18.434730 -18.469378 -18.504368
10  7 -21.202798 -21.285833 -21.353068 -21.346941 -21.142218 -20.752497 -20.309627 -19.880576 -19.495184 -19.168639 -18.903825 -18.695844 -18.536430 -18.416433 -18.326717 -18.258578 -18.204681 -18.160048 -18.121881 -18.089329 -18.062746 -18.042508 -18.028578 -18.020562 -18.017908 -18.019742 -18.025358 -18.034206 -18.046284 -18.060793 -18.077412 -18.096434 -18.117076 -18.139145 -18.163169 -18.188339 -18.214523 -18.241610 -18.270067 -18.299257 -18.329096 -18.359758 -18.390942 -18.422582 -18.454244 -18.486231 -18.518498 -18.550982 -18.581708 -18.612442 -18.643133
10  8 -21.757694 -21.758908 -21.748718 -21.428959 -20.818708 -20.237532 -19.767340 -19.400469 -19.118271 -18.902245 -18.740146 -18.620997 -18.532309 -18.470199 -18.428686 -18.401850 -18.380578 -18.363151 -18.346666 -18.327234 -18.308598 -18.292943 -18.277516 -18.266926 -18.261637 -18.261182 -18.260760 -18.262343 -18.265213 -18.268441 -18.271243 -18.274211 -18.278664 -18.282858 -18.289189 -18.296711 -18.308562 -18.320243 -18.335639 -18.353084 -18.370858 -18.391599 -18.423439 -18.454142 -18.486530 -18.517688 -18.547988 -18.577769 -18.608999 -18.640154 -18.671369
10  9 -19.908443 -19.967361 -20.028349 -20.089653 -20.151007 -20.212391 -20.275966 -20.339296 -20.402484 -20.467786 -20.532845 -20.594845 -20.660681 -20.725155 -20.787711 -20.848178 -20.909819 -20.968270 -21.022762 -21.074350 -21.106900 -21.060711 -20.843637 -20.490690 -20.130275 -19.820650 -19.573105 -19.376035 -19.221735 -19.102876 -19.011515 -18.941479 -18.888380 -18.851206 -18.824349 -18.805350 -18.792534 -18.788865 -18.789317 -18.792723 -18.801583 -18.812607 -18.824970 -18.841037 -18.858188 -18.875945 -18.894219 -18.916193 -18.938731 -18.961529 -18.987629
10 10 -18.970752 -19.041855 -19.109764 -19.176859 -19.242629 -19.307282 -19.371029 -19.435682 -19.499905 -19.563482 -19.628641 -19.693280 -19.756714 -19.823104 -19.888885 -19.953669 -20.017423 -20.084217 -20.149740 -20.213433 -20.278593 -20.336428 -20.366771 -20.345084 -20.231153 -20.042543 -19.833690 -19.661025 -19.511074 -19.390590 -19.301098 -19.228474 -19.174941 -19.137948 -19.106372 -19.084744 -19.071206 -19.064261 -19.060131 -19.059977 -19.062956 -19.070349 -19.079770 -19.090470 -19.105837 -19.121987 -19.138701 -19.156049 -19.177764 -19.199830 -19.221806
12  0 -18.378864 -18.441521 -18.504784 -18.567950 -18.630511 -18.689241 -18.733717 -18.742764 -18.689406 -18.564107 -18.392360 -18.210117 -18.040182 -17.889794 -17.757516 -17.640316 -17.534524 -17.438143 -17.350859 -17.272942 -17.204879 -17.148346 -17.101438 -17.063252 -17.036555 -17.016563 -17.002040 -16.991954 -16.989276 -16.989545 -16.992805 -17.001859 -17.012492 -17.024500 -17.040764 -17.058244 -17.076799 -17.096241 -17.119313 -17.143263 -17.167842 -17.194414 -17.221591 -17.249259 -17.278048 -17.307055 -17.336112 -17.365258 -17.391881 -17.418456 -17.444892
12  1 -28.271073 -28.165287 -26.438010 -25.050002 -23.933737 -23.035405 -22.309869 -21.721828 -21.239540 -20.843472 -20.515487 -20.236582 -19.998815 -19.791194 -19.607237 -19.436756 -19.276065 -19.124610 -18.994307 -18.874100 -18.764429 -18.678650 -18.601972 -18.533427 -18.490899 -18.454373 -18.422675 -18.395088 -18.386056 -18.379628 -18.375252 -18.383459 -18.392910 -18.403327 -18.421676 -18.440727 -18.460260 -18.480218 -18.506967 -18.533971 -18.561162 -18.592327 -18.623632 -18.655040 -18.689460 -18.723984 -18.758559 -18.793184 -18.829709 -18.866237 -18.902754
12  2 -25.105832 -23.860089 -22.872365 -22.092808 -21.481826 -21.004784 -20.634425 -20.354233 -20.141155 -19.978660 -19.852975 -19.727610 -19.567490 -19.360003 -19.129315 -18.901304 -18.692551 -18.508817 -18.356913 -18.226093 -18.113327 -18.027683 -17.953925 -17.889626 -17.851145 -17.819139 -17.792088 -17.769196 -17.761878 -17.757060 -17.757866 -17.770308 -17.783148 -17.796316 -17.815632 -17.835289 -17.855176 -17.875321 -17.902120 -17.929071 -17.956143 -17.986433 -18.016812 -18.047262 -18.080525 -18.113866 -18.147245 -18.180673 -18.215937 -18.251202 -18.286462
12  3 -24.848796 -24.823660 -24.805534 -24.787168 -24.757144 -24.687349 -24.277688 -23.200504 -22.151199 -21.293435 -20.604929 -20.054538 -19.617981 -19.274067 -19.002402 -18.789994 -18.624731 -18.496650 -18.395575 -18.316411 -18.254145 -18.206544 -18.168746 -18.138441 -18.120412 -18.106895 -18.096761 -18.089234 -18.090219 -18.093085 -18.097380 -18.108761 -18.120998 -18.133870 -18.152751 -18.172172 -18.191958 -18.212053 -18.236299 -18.260697 -18.285189 -18.311123 -18.337126 -18.363165 -18.387333 -18.411446 -18.435507 -18.459421 -18.475014 -18.490343 -18.505397
12  4 -22.210574 -22.212205 -22.223719 -22.242212 -22.265299 -22.286456 -22.236365 -21.866167 -21.253731 -20.685953 -20.217547 -19.829578 -19.498385 -19.209803 -18.958115 -18.743742 -18.566223 -18.423082 -18.307188 -18.216492 -18.146696 -18.091946 -18.050542 -18.019737 -17.998088 -17.983092 -17.973277 -17.967495 -17.968590 -17.972267 -17.977902 -17.989409 -18.002189 -18.015924 -18.034735 -18.054234 -18.074209 -18.094558 -18.118257 -18.142206 -18.166328 -18.191784 -18.217344 -18.242967 -18.266507 -18.290012 -18.313480 -18.336804 -18.351488 -18.365923 -18.380109
12  5 -21.361159 -21.381085 -21.407845 -21.439360 -21.473936 -21.505442 -21.478605 -21.204072 -20.700437 -20.207465 -19.802022 -19.480541 -19.224343 -19.012806 -18.828175 -18.660052 -18.506403 -18.369825 -18.252461 -18.155275 -18.077139 -18.015315 -17.967594 -17.931450 -17.904851 -17.885812 -17.872822 -17.864720 -17.862097 -17.862951 -17.866777 -17.875023 -17.885621 -17.898285 -17.914569 -17.932545 -17.951996 -17.972760 -17.996034 -18.020369 -18.045639 -18.072402 -18.099922 -18.128110 -18.156465 -18.185331 -18.214644 -18.244319 -18.271578 -18.298945 -18.326365
12  6 -21.039154 -21.058306 -21.074696 -21.061873 -20.983328 -20.830245 -20.620368 -20.353620 -20.036088 -19.711057 -19.420039 -19.178773 -18.985788 -18.832298 -18.706220 -18.594436 -18.486780 -18.380423 -18.278643 -18.186845 -18.108506 -18.044027 -17.993246 -17.954649 -17.926107 -17.906045 -17.892910 -17.885396 -17.883317 -17.884980 -17.889721 -17.898546 -17.909617 -17.922621 -17.939032 -17.957003 -17.976335 -17.996880 -18.019917 -18.043950 -18.068858 -18.095119 -18.122106 -18.149725 -18.177305 -18.205368 -18.233850 -18.262658 -18.288329 -18.314080 -18.339851
12  7 -20.387808 -20.430233 -20.474456 -20.516239 -20.546272 -20.546454 -20.485267 -20.318447 -20.039939 -19.714926 -19.408101 -19.146203 -18.933185 -18.764083 -18.630482 -18.522233 -18.429149 -18.343632 -18.262446 -18.186550 -18.118613 -18.060451 -18.013215 -17.976723 -17.949930 -17.931487 -17.920002 -17.914148 -17.913750 -17.916920 -17.922945 -17.933056 -17.945144 -17.958906 -17.976093 -17.994612 -18.014290 -18.034996 -18.058282 -18.082410 -18.107272 -18.133469 -18.160273 -18.187600 -18.214692 -18.242168 -18.269967 -18.297988 -18.322263 -18.346514 -18.370681
12  8 -21.158862 -21.243362 -21.320981 -21.381605 -21.367826 -21.166749 -20.795601 -20.380989 -19.987200 -19.634969 -19.332583 -19.081383 -18.878302 -18.717474 -18.591510 -18.492367 -18.411911 -18.342597 -18.278889 -18.218403 -18.161567 -18.110113 -18.065936 -18.030166 -18.002878 -17.983664 -17.971467 -17.965162 -17.963786 -17.966549 -17.972942 -17.983014 -17.995980 -18.011501 -18.029916 -18.050301 -18.072373 -18.095891 -18.121408 -18.148032 -18.175593 -18.204310 -18.233740 -18.263771 -18.294098 -18.324854 -18.355960 -18.387332 -18.417047 -18.446775 -18.476472
12  9 -21.229442 -21.221205 -21.225798 -21.234951 -21.216112 -21.083938 -20.782566 -20.381853 -19.968246 -19.589917 -19.267960 -19.006302 -18.800351 -18.642082 -18.522972 -18.434812 -18.369934 -18.321162 -18.282183 -18.248403 -18.217527 -18.189248 -18.164180 -18.143209 -18.127082 -18.116090 -18.110212 -18.109091 -18.112262 -18.119115 -18.129110 -18.141766 -18.156529 -18.173069 -18.191278 -18.211003 -18.232282 -18.255128 -18.279617 -18.305512 -18.332679 -18.361136 -18.390578 -18.420879 -18.451881 -18.483505 -18.515684 -18.548325 -18.580783 -18.613506 -18.646443
12 10 -21.394559 -21.407373 -21.424192 -21.348355 -21.301263 -20.865148 -20.334734 -19.877663 -19.514097 -19.232933 -19.018858 -18.856464 -18.736841 -18.651339 -18.589085 -18.547967 -18.522720 -18.507930 -18.495400 -18.483265 -18.469020 -18.449237 -18.429298 -18.411937 -18.394151 -18.381504 -18.374088 -18.371067 -18.367923 -18.366588 -18.365977 -18.365549 -18.364913 -18.363911 -18.366331 -18.369772 -18.375191 -18.380422 -18.391284 -18.402599 -18.414287 -18.431889 -18.450075 -18.468634 -18.501227 -18.532506 -18.562036 -18.590443 -18.620465 -18.650142 -18.679701
12 11 -19.463714 -19.531167 -19.597321 -19.662359 -19.728259 -19.793397 -19.857824 -19.921531 -19.987145 -20.052142 -20.116701 -20.183167 -20.246687 -20.310522 -20.376913 -20.441576 -20.504365 -20.564956 -20.626846 -20.684961 -20.739236 -20.789960 -20.819584 -20.778696 -20.606849 -20.324591 -20.024520 -19.759210 -19.544360 -19.371504 -19.235871 -19.131370 -19.050785 -18.989223 -18.943281 -18.911391 -18.888507 -18.872692 -18.863250 -18.861626 -18.863371 -18.868285 -18.877900 -18.889079 -18.901876 -18.917932 -18.934668 -18.951956 -18.970477 -18.992291 -19.014467
12 12 -18.618027 -18.685784 -18.752596 -18.817987 -18.882470 -18.947217 -19.011165 -19.074302 -19.137332 -19.201367 -19.264915 -19.328362 -19.393260 -19.456963 -19.521036 -19.587478 -19.652964 -19.717471 -19.781817 -19.848673 -19.913890 -19.977923 -20.042368 -20.097479 -20.126681 -20.116591 -20.035632 -19.894254 -19.732579 -19.592351 -19.465033 -19.360195 -19.277287 -19.208486 -19.155491 -19.115926 -19.086274 -19.065200 -19.051107 -19.047062 -19.053261 -19.062951 -19.078274 -19.099933 -19.123045 -19.143921 -19.160791 -19.178309 -19.196413 -19.215957 -19.236755
14  0 -18.083268 -18.145434 -18.205001 -18.254348 -18.273903 -18.237851 -18.141028 -18.006673 -17.863415 -17.729591 -17.611878 -17.510816 -17.425453 -17.353818 -17.294506 -17.245248 -17.202907 -17.164492 -17.127761 -17.090753 -17.053458 -17.017903 -16.984857 -16.955659 -16.932758 -16.914863 -16.901757 -16.892791 -16.890163 -16.890678 -16.893797 -16.901886 -16.911824 -16.923316 -16.938938 -16.955936 -16.975296 -16.995363 -17.018078 -17.041509 -17.065667 -17.091908 -17.118783 -17.146273 -17.174818 -17.203957 -17.233782 -17.263831 -17.292865 -17.321950 -17.351106
14  1 -25.579112 -25.215166 -24.253740 -23.395648 -22.599039 -21.886896 -21.278489 -20.771922 -20.359859 -20.022173 -19.744879 -19.523451 -19.341023 -19.189636 -19.074806 -18.979379 -18.898891 -18.830012 -18.784931 -18.746213 -18.712206 -18.695794 -18.681809 -18.669556 -18.671341 -18.674352 -18.678104 -18.682356 -18.695752 -18.709511 -18.723312 -18.744416 -18.765219 -18.785531 -18.811883 -18.837912 -18.863475 -18.888568 -18.917630 -18.946410 -18.974871 -19.006960 -19.038937 -19.070766 -19.105275 -19.139769 -19.174189 -19.208528 -19.244770 -19.280923 -19.316968
14  2 -22.847220 -21.802385 -20.970381 -20.308614 -19.782316 -19.365237 -19.037106 -18.781445 -18.583301 -18.432329 -18.318930 -18.233396 -18.170926 -18.126454 -18.094438 -18.073187 -18.060200 -18.053469 -18.051950 -18.054079 -18.058839 -18.067441 -18.077525 -18.088614 -18.103634 -18.119479 -18.135888 -18.152691 -18.173786 -18.195295 -18.217036 -18.242020 -18.267212 -18.292481 -18.321107 -18.349877 -18.378690 -18.407503 -18.438368 -18.469298 -18.500253 -18.532446 -18.564723 -18.597052 -18.628773 -18.660520 -18.692275 -18.723976 -18.751492 -18.778741 -18.805705
14  3 -22.258136 -21.233317 -20.421635 -19.780354 -19.273307 -18.871672 -18.552808 -18.299267 -18.097877 -17.938747 -17.814280 -17.717980 -17.644424 -17.588756 -17.547457 -17.517544 -17.496618 -17.482743 -17.474645 -17.470959 -17.470654 -17.473533 -17.478485 -17.484970 -17.494282 -17.504914 -17.516573 -17.529027 -17.545415 -17.562803 -17.580991 -17.602401 -17.624610 -17.647464 -17.673917 -17.701054 -17.728738 -17.756895 -17.787341 -17.818208 -17.849434 -17.882682 -17.916262 -17.950136 -17.985371 -18.020879 -18.056623 -18.092584 -18.129322 -18.166232 -18.203291
14  4 -23.900874 -23.925978 -23.708422 -22.783828 -21.825670 -21.051064 -20.438884 -19.954697 -19.572129 -19.270961 -19.031527 -18.846079 -18.705002 -18.593938 -18.510763 -18.447581 -18.392783 -18.342537 -18.291617 -18.236672 -18.175865 -18.114171 -18.052245 -17.991631 -17.941791 -17.896816 -17.856594 -17.820419 -17.800168 -17.783652 -17.770382 -17.770073 -17.771981 -17.775785 -17.789424 -17.804343 -17.828368 -17.851128 -17.877936 -17.903827 -17.929043 -17.958777 -17.988221 -18.017456 -18.049671 -18.081830 -18.113924 -18.145990 -18.179899 -18.213738 -18.247507
14  5 -23.367074 -23.367416 -23.377455 -23.394234 -23.415483 -23.426256 -23.431451 -23.420376 -23.388489 -23.324595 -23.034120 -22.202827 -21.314108 -20.580031 -19.993824 -19.529384 -19.163115 -18.875411 -18.649618 -18.473222 -18.336053 -18.229668 -18.148044 -18.086197 -18.040444 -18.006953 -17.982847 -17.965946 -17.956305 -17.951223 -17.949852 -17.953561 -17.960003 -17.968831 -17.981840 -17.996794 -18.013451 -18.031627 -18.052733 -18.075066 -18.098486 -18.123559 -18.149519 -18.176263 -18.203553 -18.231457 -18.259903 -18.288799 -18.315569 -18.342537 -18.369640
14  6 -21.159624 -21.232592 -21.301791 -21.367399 -21.429709 -21.489034 -21.544591 -21.588742 -21.555888 -21.281280 -20.825034 -20.384733 -20.014700 -19.702443 -19.424102 -19.164041 -18.920074 -18.699355 -18.510130 -18.355901 -18.234162 -18.139827 -18.067855 -18.014196 -17.976035 -17.949930 -17.932661 -17.922036 -17.917376 -17.917643 -17.922272 -17.931192 -17.942562 -17.955585 -17.970715 -17.987108 -18.004739 -18.023608 -18.044434 -18.066449 -18.089589 -18.114268 -18.139959 -18.166585 -18.194619 -18.223477 -18.253096 -18.283428 -18.314694 -18.346581 -18.379054
14  7 -20.909176 -20.910354 -20.922374 -20.940953 -20.959858 -20.969995 -20.961538 -20.921842 -20.811148 -20.565167 -20.215341 -19.864424 -19.564438 -19.322761 -19.130090 -18.970721 -18.827208 -18.686963 -18.547464 -18.414566 -18.295491 -18.193917 -18.111150 -18.045988 -17.995579 -17.957914 -17.930665 -17.911813 -17.899937 -17.893375 -17.891066 -17.893548 -17.898985 -17.906945 -17.918849 -17.932753 -17.948407 -17.965615 -17.985747 -18.007133 -18.029620 -18.053681 -18.078630 -18.104356 -18.130265 -18.156761 -18.183766 -18.211170 -18.235675 -18.260313 -18.285010
14  8 -20.491704 -20.534908 -20.580241 -20.624078 -20.656993 -20.660826 -20.615402 -20.503146 -20.299195 -20.003757 -19.678484 -19.381495 -19.134857 -18.939102 -18.787509 -18.671038 -18.578798 -18.498748 -18.420497 -18.339425 -18.257483 -18.179456 -18.110325 -18.052790 -18.006761 -17.972041 -17.947357 -17.931228 -17.922083 -17.918566 -17.919459 -17.924765 -17.932863 -17.943215 -17.956985 -17.972415 -17.989264 -18.007367 -18.028033 -18.049753 -18.072399 -18.096490 -18.121356 -18.146898 -18.172386 -18.198415 -18.224906 -18.251752 -18.275356 -18.299067 -18.322827
14  9 -20.150495 -20.163338 -20.185054 -20.213024 -20.244520 -20.275428 -20.298149 -20.294576 -20.224384 -20.042231 -19.773922 -19.491652 -19.240329 -19.032405 -18.866696 -18.737117 -18.635328 -18.551408 -18.475376 -18.400321 -18.324718 -18.251183 -18.184102 -18.126703 -18.079929 -18.043920 -18.017760 -18.000129 -17.989764 -17.984972 -17.984581 -17.988914 -17.996023 -18.005387 -18.018538 -18.033318 -18.049493 -18.066899 -18.087140 -18.108379 -18.130487 -18.154172 -18.178557 -18.203544 -18.228390 -18.253683 -18.279364 -18.305311 -18.327468 -18.349629 -18.371732
14 10 -21.207228 -21.210248 -21.224194 -21.245614 -21.265935 -21.250302 -21.116998 -20.823662 -20.444485 -20.059665 -19.709309 -19.409705 -19.163739 -18.966790 -18.812174 -18.694110 -18.606385 -18.540081 -18.484940 -18.432387 -18.378076 -18.322007 -18.267408 -18.218137 -18.176595 -18.144162 -18.120896 -18.105827 -18.097298 -18.094146 -18.095238 -18.099898 -18.107450 -18.117590 -18.130644 -18.145880 -18.163049 -18.181924 -18.202988 -18.225384 -18.248919 -18.273882 -18.299749 -18.326337 -18.353325 -18.380834 -18.408776 -18.437085 -18.463672 -18.490337 -18.517020
14 11 -20.688207 -20.722885 -20.762029 -20.804045 -20.846067 -20.875424 -20.848699 -20.690693 -20.382667 -20.004886 -19.640277 -19.326146 -19.070251 -18.868862 -18.714124 -18.598012 -18.513132 -18.452688 -18.409951 -18.378236 -18.351663 -18.326277 -18.300638 -18.275363 -18.252086 -18.232371 -18.217267 -18.207214 -18.202173 -18.201652 -18.205145 -18.212202 -18.222248 -18.234723 -18.249221 -18.265386 -18.283072 -18.302278 -18.323176 -18.345620 -18.369511 -18.394879 -18.421448 -18.449033 -18.477439 -18.506554 -18.536257 -18.566441 -18.596291 -18.626383 -18.656638
14 12 -21.109404 -21.113588 -21.128367 -21.148483 -21.123732 -21.093478 -20.780925 -20.324848 -19.902499 -19.559849 -19.292709 -19.089139 -18.935883 -18.822098 -18.741203 -18.684581 -18.645933 -18.623038 -18.611048 -18.603699 -18.595412 -18.583756 -18.566572 -18.544857 -18.523502 -18.503454 -18.485166 -18.472094 -18.463865 -18.458009 -18.452534 -18.448459 -18.444982 -18.441507 -18.438939 -18.438376 -18.441249 -18.443920 -18.449260 -18.456312 -18.465264 -18.477702 -18.491603 -18.507167 -18.526450 -18.550209 -18.580467 -18.608551 -18.637941 -18.666611 -18.694850
14 13 -19.157978 -19.219291 -19.281032 -19.343390 -19.405493 -19.468081 -19.531433 -19.594366 -19.657105 -19.720531 -19.785046 -19.849095 -19.913880 -19.979663 -20.041392 -20.105991 -20.171410 -20.235147 -20.296887 -20.358024 -20.418443 -20.475090 -20.528468 -20.573224 -20.586358 -20.521828 -20.348974 -20.105899 -19.858504 -19.642737 -19.466009 -19.324240 -19.213575 -19.128011 -19.062049 -19.011880 -18.976554 -18.951694 -18.934302 -18.922790 -18.918678 -18.919127 -18.922318 -18.929890 -18.940196 -18.951646 -18.965977 -18.981855 -18.998394 -19.015600 -19.035987
14 14 -18.321232 -18.390559 -18.456614 -18.521525 -18.585482 -18.648514 -18.711874 -18.774918 -18.837567 -18.899771 -18.963070 -19.026435 -19.089391 -19.153638 -19.218063 -19.281078 -19.346722 -19.412582 -19.477500 -19.541434 -19.607746 -19.673792 -19.738077 -19.803274 -19.864420 -19.910799 -19.933565 -19.913435 -19.839209 -19.726131 -19.617569 -19.515417 -19.426610 -19.358149 -19.299317 -19.254061 -19.221494 -19.193757 -19.173700 -19.160104 -19.151955 -19.147911 -19.146991 -19.153213 -19.161841 -19.172563 -19.184181 -19.196726 -19.210168 -19.224489 -19.239936
16  0 -17.830426 -17.891888 -17.953747 -18.011827 -18.053295 -18.049549 -17.969889 -17.820368 -17.641507 -17.467396 -17.313808 -17.184767 -17.079677 -16.995558 -16.929010 -16.877521 -16.837874 -16.807149 -16.783293 -16.763572 -16.746051 -16.730425 -16.715895 -16.702694 -16.692294 -16.684536 -16.679795 -16.678065 -16.680665 -16.685925 -16.693717 -16.705128 -16.718337 -16.733137 -16.751111 -16.770261 -16.790465 -16.811724 -16.835455 -16.860508 -16.886750 -16.914384 -16.942483 -16.971046 -17.000540 -17.030439 -17.060645 -17.091455 -17.121219 -17.151053 -17.180966
16  1 -26.664370 -25.684887 -24.891987 -24.243132 -23.608292 -22.869319 -22.130659 -21.488408 -20.955744 -20.518596 -20.160044 -19.867713 -19.627358 -19.428748 -19.269933 -19.138595 -19.028881 -18.936078 -18.868533 -18.810740 -18.759944 -18.726408 -18.696260 -18.668430 -18.656045 -18.645088 -18.635086 -18.625871 -18.629160 -18.633107 -18.637393 -18.649699 -18.662312 -18.674971 -18.695722 -18.716456 -18.736956 -18.757174 -18.782533 -18.807735 -18.832718 -18.861655 -18.890553 -18.919371 -18.951555 -18.983790 -19.016006 -19.048192 -19.082407 -19.116569 -19.150680
16  2 -22.719988 -22.444364 -21.627256 -20.807379 -20.132917 -19.587340 -19.148620 -18.797799 -18.516661 -18.289904 -18.107373 -17.961931 -17.850102 -17.766337 -17.702177 -17.652920 -17.614195 -17.583150 -17.557309 -17.536364 -17.519758 -17.508164 -17.500242 -17.495720 -17.496017 -17.499226 -17.505027 -17.513145 -17.525424 -17.539590 -17.555410 -17.574399 -17.594722 -17.616207 -17.640241 -17.665232 -17.691050 -17.717605 -17.745900 -17.774808 -17.804262 -17.834572 -17.865349 -17.896544 -17.927352 -17.958476 -17.989887 -18.021518 -18.050173 -18.078818 -18.107412
16  3 -22.832596 -22.025731 -21.192032 -20.491974 -19.910738 -19.426079 -19.022805 -18.690048 -18.418271 -18.197450 -18.018155 -17.872441 -17.754335 -17.659252 -17.583710 -17.524881 -17.480060 -17.446777 -17.423296 -17.407426 -17.397741 -17.393964 -17.394394 -17.398348 -17.406483 -17.417249 -17.430286 -17.445302 -17.463395 -17.483106 -17.504227 -17.527686 -17.552311 -17.577953 -17.605544 -17.633979 -17.663163 -17.693015 -17.724269 -17.756105 -17.788451 -17.821700 -17.855419 -17.889564 -17.924172 -17.959166 -17.994514 -18.030177 -18.065460 -18.100991 -18.136741
16  4 -23.249237 -22.214723 -21.295224 -20.549346 -19.940345 -19.436667 -19.016251 -18.665270 -18.375583 -18.141041 -17.955276 -17.811299 -17.702079 -17.621156 -17.562782 -17.522036 -17.494793 -17.477790 -17.468580 -17.465233 -17.466345 -17.471138 -17.478742 -17.488648 -17.501101 -17.515353 -17.531165 -17.548337 -17.567716 -17.588324 -17.609993 -17.633904 -17.658766 -17.684436 -17.712025 -17.740349 -17.769294 -17.798780 -17.829975 -17.861660 -17.893775 -17.926921 -17.960457 -17.994338 -18.029095 -18.064164 -18.099504 -18.135081 -18.170566 -18.206188 -18.241920
16  5 -23.004842 -22.363597 -21.532995 -20.777578 -20.130041 -19.591219 -19.152476 -18.799732 -18.517624 -18.292103 -18.111554 -17.966979 -17.851646 -17.760483 -17.689529 -17.635491 -17.595821 -17.567523 -17.548784 -17.537755 -17.532850 -17.532819 -17.536456 -17.542888 -17.552245 -17.563531 -17.576330 -17.590284 -17.607253 -17.625269 -17.644070 -17.665971 -17.688618 -17.711825 -17.738091 -17.764929 -17.792194 -17.819806 -17.849888 -17.880305 -17.910992 -17.943269 -17.975797 -18.008533 -18.042778 -18.077226 -18.111828 -18.146556 -18.181189 -18.215833 -18.250461
16  6 -22.808601 -22.207014 -21.253748 -20.448528 -19.813153 -19.317555 -18.931973 -18.632661 -18.402126 -18.224471 -18.087571 -17.983268 -17.904587 -17.844526 -17.798970 -17.767373 -17.744649 -17.727703 -17.717559 -17.710434 -17.703909 -17.698738 -17.693820 -17.687605 -17.680802 -17.673795 -17.666766 -17.659706 -17.656642 -17.654986 -17.654662 -17.661032 -17.668581 -17.677421 -17.692994 -17.709509 -17.726999 -17.745405 -17.769148 -17.797589 -17.830520 -17.864354 -17.896892 -17.928467 -17.962640 -17.996413 -18.029881 -18.063155 -18.097685 -18.132105 -18.166443
16  7 -22.675391 -22.669010 -22.674776 -22.689487 -22.710728 -22.736633 -22.765677 -22.796254 -22.767320 -22.757211 -22.732829 -22.687060 -22.484783 -21.819349 -21.025130 -20.354711 -19.817693 -19.390350 -19.050134 -18.779420 -18.565128 -18.396512 -18.265006 -18.163209 -18.084635 -18.024423 -17.978674 -17.944482 -17.920179 -17.903497 -17.893011 -17.888919 -17.889031 -17.892638 -17.900990 -17.911900 -17.924993 -17.939984 -17.958198 -17.977883 -17.998854 -18.021675 -18.045523 -18.070271 -18.095466 -18.121353 -18.147840 -18.174814 -18.199412 -18.224215 -18.249144
16  8 -20.660760 -20.745779 -20.824800 -20.898522 -20.967662 -21.032903 -21.094803 -21.153143 -21.206038 -21.219175 -21.090350 -20.762542 -20.378929 -20.041278 -19.764459 -19.530384 -19.312235 -19.092752 -18.874432 -18.670270 -18.491747 -18.344426 -18.227639 -18.137074 -18.067828 -18.016316 -17.980060 -17.956199 -17.942138 -17.935359 -17.934031 -17.937543 -17.944654 -17.954523 -17.967056 -17.981137 -17.996514 -18.013094 -18.031562 -18.051251 -18.072107 -18.094559 -18.118105 -18.142673 -18.168607 -18.195460 -18.223156 -18.251634 -18.280949 -18.310927 -18.341520
16  9 -20.486895 -20.499956 -20.521859 -20.550163 -20.582736 -20.617057 -20.649716 -20.675970 -20.688484 -20.654152 -20.501748 -20.219229 -19.902970 -19.620679 -19.390432 -19.208590 -19.063608 -18.939265 -18.818270 -18.690201 -18.557000 -18.427988 -18.312421 -18.215035 -18.135782 -18.073840 -18.026915 -17.992490 -17.967810 -17.951277 -17.941256 -17.937087 -17.937047 -17.940324 -17.947849 -17.957759 -17.969728 -17.983514 -18.000399 -18.018753 -18.038398 -18.059962 -18.082568 -18.106081 -18.129930 -18.154472 -18.179618 -18.205237 -18.228053 -18.251049 -18.274147
16 10 -20.345782 -20.348368 -20.358286 -20.363513 -20.344413 -20.283433 -20.182727 -20.062571 -19.940892 -19.817251 -19.677010 -19.511379 -19.332370 -19.162115 -19.015292 -18.897039 -18.805594 -18.733771 -18.669546 -18.599603 -18.516390 -18.422323 -18.326838 -18.239253 -18.164152 -18.103753 -18.057538 -18.023937 -18.000232 -17.985105 -17.976843 -17.974307 -17.975990 -17.980999 -17.989948 -18.001163 -18.014301 -18.029117 -18.046714 -18.065667 -18.085810 -18.107684 -18.130543 -18.154219 -18.177951 -18.202313 -18.227212 -18.252539 -18.274595 -18.296796 -18.319067
16 11 -19.892510 -19.896541 -19.911328 -19.934130 -19.962808 -19.995217 -20.028030 -20.054318 -20.061607 -20.022108 -19.903319 -19.707963 -19.481499 -19.267021 -19.083137 -18.933711 -18.815927 -18.723852 -18.649204 -18.582153 -18.514198 -18.441618 -18.366723 -18.294823 -18.230336 -18.176256 -18.133371 -18.101129 -18.078195 -18.063109 -18.054509 -18.051962 -18.053518 -18.058289 -18.067285 -18.078396 -18.091259 -18.105634 -18.122902 -18.141388 -18.160954 -18.182418 -18.204817 -18.228018 -18.251583 -18.275786 -18.300533 -18.325708 -18.348352 -18.371188 -18.394128
16 12 -20.558613 -20.635815 -20.708736 -20.777741 -20.843066 -20.902953 -20.945259 -20.927187 -20.777096 -20.481104 -20.122167 -19.776179 -19.476120 -19.229178 -19.032228 -18.876924 -18.755846 -18.662684 -18.590650 -18.531776 -18.477357 -18.421625 -18.363127 -18.304260 -18.248847 -18.200297 -18.160499 -18.129980 -18.107975 -18.093750 -18.086170 -18.084005 -18.086390 -18.092572 -18.102261 -18.114752 -18.129715 -18.146855 -18.166340 -18.187510 -18.210108 -18.234336 -18.259622 -18.285823 -18.312566 -18.339907 -18.367732 -18.395931 -18.422645 -18.449500 -18.476362
16 13 -20.250707 -20.318188 -20.383400 -20.446305 -20.506935 -20.564369 -20.612071 -20.624279 -20.541198 -20.305988 -19.968843 -19.627295 -19.331019 -19.090833 -18.902719 -18.759541 -18.653046 -18.575974 -18.521711 -18.483832 -18.455917 -18.432120 -18.408337 -18.382983 -18.356833 -18.331875 -18.310083 -18.292801 -18.280687 -18.273643 -18.271253 -18.272980 -18.278198 -18.286387 -18.297015 -18.309661 -18.324088 -18.340163 -18.357877 -18.377145 -18.397883 -18.420092 -18.443480 -18.467879 -18.493205 -18.519227 -18.545839 -18.572935 -18.599450 -18.626195 -18.653165
16 14 -20.523067 -20.591315 -20.657080 -20.720298 -20.779395 -20.804714 -20.812267 -20.603818 -20.234449 -19.861422 -19.550033 -19.304714 -19.117625 -18.978047 -18.874324 -18.801029 -18.752194 -18.718827 -18.700439 -18.692596 -18.689971 -18.684803 -18.675284 -18.659582 -18.636093 -18.611613 -18.589507 -18.567890 -18.551702 -18.540709 -18.533551 -18.526100 -18.520200 -18.514969 -18.510445 -18.506321 -18.502701 -18.501466 -18.503311 -18.507816 -18.512779 -18.522907 -18.533624 -18.544932 -18.561636 -18.579077 -18.596634 -18.625421 -18.655122 -18.683391 -18.710887
16 15 -18.855919 -18.922692 -18.988134 -19.052571 -19.117193 -19.181059 -19.244372 -19.308670 -19.372586 -19.436030 -19.499353 -19.564308 -19.628846 -19.693125 -19.759385 -19.821501 -19.885353 -19.951438 -20.015970 -20.078519 -20.139330 -20.201122 -20.259512 -20.313429 -20.363064 -20.392878 -20.372821 -20.272953 -20.094808 -19.885913 -19.687619 -19.519924 -19.381426 -19.271091 -19.185401 -19.118831 -19.067929 -19.030684 -19.004374 -18.985566 -18.972703 -18.966501 -18.965709 -18.967657 -18.973196 -18.982240 -18.992566 -19.005138 -19.019990 -19.035674 -19.052161
16 16 -18.114564 -18.173546 -18.232402 -18.290892 -18.349642 -18.408788 -18.467974 -18.527695 -18.588179 -18.648618 -18.709054 -18.770587 -18.833312 -18.895789 -18.959037 -19.023010 -19.085646 -19.150107 -19.215713 -19.280467 -19.344298 -19.409611 -19.476343 -19.541359 -19.606267 -19.669393 -19.722659 -19.758905 -19.769507 -19.738713 -19.669259 -19.588059 -19.509982 -19.436220 -19.376311 -19.324925 -19.283769 -19.253613 -19.227964 -19.208698 -19.195017 -19.186194 -19.181238 -19.182711 -19.186828 -19.192698 -19.200932 -19.210140 -19.220501 -19.231991 -19.244630
18  0 -17.615406 -17.677498 -17.739830 -17.801923 -17.858828 -17.900537 -17.900733 -17.828636 -17.687421 -17.511063 -17.334755 -17.176125 -17.041924 -16.932561 -16.843136 -16.772962 -16.719368 -16.679606 -16.649190 -16.627116 -16.611261 -16.599968 -16.590825 -16.583330 -16.578845 -16.575895 -16.574745 -16.575859 -16.581263 -16.588814 -16.598122 -16.610944 -16.625595 -16.641079 -16.659996 -16.679715 -16.700322 -16.721309 -16.745036 -16.769461 -16.794351 -16.820244 -16.847407 -16.875015 -16.901705 -16.928526 -16.955634 -16.983204 -17.005875 -17.028444 -17.050773
18  1 -22.675555 -22.083618 -21.181149 -20.459753 -19.887409 -19.435038 -19.080078 -18.803874 -18.594595 -18.434623 -18.313252 -18.222049 -18.151973 -18.097477 -18.053836 -18.017696 -17.987181 -17.960947 -17.938981 -17.920987 -17.906137 -17.905023 -17.905245 -17.906563 -17.918647 -17.931434 -17.944690 -17.958341 -17.979026 -18.000172 -18.021609 -18.047305 -18.073131 -18.098958 -18.129343 -18.159629 -18.189716 -18.219557 -18.251624 -18.283511 -18.315193 -18.347363 -18.379405 -18.411305 -18.441473 -18.471519 -18.501450 -18.531189 -18.554245 -18.576970 -18.599357
18  2 -22.694800 -22.703998 -22.207140 -21.318803 -20.529592 -19.884276 -19.363838 -18.947762 -18.622809 -18.367559 -18.169606 -18.017265 -17.900830 -17.813170 -17.743504 -17.690500 -17.650612 -17.620928 -17.596582 -17.578465 -17.565177 -17.559318 -17.556275 -17.555406 -17.561032 -17.568182 -17.576481 -17.585712 -17.600968 -17.616899 -17.633323 -17.654521 -17.676031 -17.697744 -17.723374 -17.749173 -17.775039 -17.800941 -17.829307 -17.857683 -17.886044 -17.914609 -17.943169 -17.971707 -17.997101 -18.022439 -18.047742 -18.072905 -18.088292 -18.103526 -18.118608
18  3 -22.972704 -22.964092 -22.493465 -21.678856 -20.942095 -20.319277 -19.784580 -19.321211 -18.923165 -18.588291 -18.313589 -18.089179 -17.911099 -17.772238 -17.660233 -17.574172 -17.509168 -17.461033 -17.423149 -17.395837 -17.376870 -17.364948 -17.358169 -17.355401 -17.358826 -17.364792 -17.372708 -17.382168 -17.396712 -17.412230 -17.428490 -17.449392 -17.470765 -17.492479 -17.517640 -17.543057 -17.568626 -17.594313 -17.622276 -17.650307 -17.678373 -17.706474 -17.734602 -17.762739 -17.787336 -17.811895 -17.836447 -17.860873 -17.874834 -17.888707 -17.902487
18  4 -22.986116 -22.967266 -22.445543 -21.602137 -20.846686 -20.205819 -19.661778 -19.204632 -18.827468 -18.519827 -18.269489 -18.066339 -17.903723 -17.775876 -17.676127 -17.599417 -17.541373 -17.498106 -17.466305 -17.443614 -17.428159 -17.419043 -17.414765 -17.414495 -17.418789 -17.425996 -17.435694 -17.447557 -17.462836 -17.479860 -17.498403 -17.519697 -17.542246 -17.565882 -17.591731 -17.618517 -17.646105 -17.674396 -17.704466 -17.735150 -17.766369 -17.798417 -17.830940 -17.863887 -17.897057 -17.930606 -17.964497 -17.998675 -18.031556 -18.064608 -18.097796
18  5 -21.928604 -21.976450 -21.893777 -21.496270 -20.918249 -20.350194 -19.834391 -19.375005 -18.974527 -18.636520 -18.358485 -18.131273 -17.950419 -17.808895 -17.695855 -17.610231 -17.547348 -17.503099 -17.469938 -17.448962 -17.437692 -17.432187 -17.432663 -17.437792 -17.446813 -17.458630 -17.472589 -17.488186 -17.506970 -17.526721 -17.547179 -17.570793 -17.594812 -17.619095 -17.646133 -17.673347 -17.700633 -17.727950 -17.757290 -17.786644 -17.815979 -17.845111 -17.874231 -17.903322 -17.928949 -17.954528 -17.980080 -18.005494 -18.020650 -18.035709 -18.050667
18  6 -23.028320 -22.954414 -22.551272 -21.803922 -21.054243 -20.386369 -19.807958 -19.319480 -18.915200 -18.587638 -18.325987 -18.116756 -17.952553 -17.825195 -17.724030 -17.647836 -17.592405 -17.554155 -17.525880 -17.509239 -17.502004 -17.499599 -17.503171 -17.511460 -17.522444 -17.536335 -17.552493 -17.570403 -17.590605 -17.611862 -17.633888 -17.658375 -17.683286 -17.708451 -17.736232 -17.764156 -17.792109 -17.820037 -17.849467 -17.878864 -17.908195 -17.937378 -17.966522 -17.995613 -18.021151 -18.046636 -18.072087 -18.097388 -18.112394 -18.127319 -18.142158
18  7 -22.482373 -22.463075 -22.355469 -21.839528 -21.051089 -20.320822 -19.716540 -19.231770 -18.847899 -18.545791 -18.309002 -18.123577 -17.978768 -17.866202 -17.779433 -17.713536 -17.664722 -17.629979 -17.606746 -17.592868 -17.586395 -17.585824 -17.589353 -17.596099 -17.605562 -17.616850 -17.629467 -17.643038 -17.658755 -17.675328 -17.692554 -17.712420 -17.732960 -17.753977 -17.778336 -17.803263 -17.828592 -17.854227 -17.882916 -17.911935 -17.941205 -17.972144 -18.003311 -18.034655 -18.067356 -18.100217 -18.133185 -18.166221 -18.198956 -18.231605 -18.264132
18  8 -22.498565 -22.438627 -22.300393 -21.524407 -20.696208 -20.024769 -19.496519 -19.085483 -18.767470 -18.522306 -18.334457 -18.191395 -18.082383 -18.000707 -17.940529 -17.897407 -17.864298 -17.842325 -17.829471 -17.818244 -17.811425 -17.807499 -17.801235 -17.794963 -17.788790 -17.782294 -17.773706 -17.764596 -17.757882 -17.752119 -17.747027 -17.746909 -17.749219 -17.752622 -17.762759 -17.774156 -17.787330 -17.801280 -17.821210 -17.842770 -17.864835 -17.890257 -17.924488 -17.957602 -17.992249 -18.025917 -18.058851 -18.091288 -18.125392 -18.159261 -18.192976
18  9 -21.957749 -21.999266 -22.043423 -22.089058 -22.135395 -22.181900 -22.228136 -22.273296 -22.318109 -22.361911 -22.404569 -22.300072 -22.281056 -22.249052 -22.154073 -21.724259 -20.990537 -20.308049 -19.753638 -19.315116 -18.971885 -18.705451 -18.500352 -18.343900 -18.225859 -18.138013 -18.073848 -18.028103 -17.996717 -17.976115 -17.963503 -17.957027 -17.954741 -17.955429 -17.958958 -17.964567 -17.972237 -17.982044 -17.994579 -18.009280 -18.026028 -18.045119 -18.065959 -18.088387 -18.112680 -18.138291 -18.165092 -18.192963 -18.222140 -18.252191 -18.283040
18 10 -20.532473 -20.577643 -20.625084 -20.673804 -20.723198 -20.772887 -20.822611 -20.871676 -20.920954 -20.966823 -20.986404 -20.900035 -20.642934 -20.318035 -20.016496 -19.766907 -19.563145 -19.382544 -19.197497 -18.996172 -18.791360 -18.602384 -18.440767 -18.309127 -18.204886 -18.124259 -18.064014 -18.021117 -17.992290 -17.973847 -17.962613 -17.957075 -17.956570 -17.960728 -17.969396 -17.981095 -17.995049 -18.010773 -18.028559 -18.047763 -18.068290 -18.090615 -18.114113 -18.138630 -18.164366 -18.190959 -18.218316 -18.246385 -18.275078 -18.304342 -18.334133
18 11 -19.935965 -20.002485 -20.066902 -20.129129 -20.189233 -20.247214 -20.302702 -20.354309 -20.401566 -20.438495 -20.440954 -20.349859 -20.135304 -19.868185 -19.616841 -19.407281 -19.241016 -19.110276 -19.001718 -18.897878 -18.783930 -18.656796 -18.525868 -18.403432 -18.296672 -18.208833 -18.139477 -18.086580 -18.046817 -18.018413 -17.999261 -17.987497 -17.981486 -17.979968 -17.983151 -17.989276 -17.997825 -18.008443 -18.022133 -18.037445 -18.054183 -18.073059 -18.093121 -18.114219 -18.135705 -18.157996 -18.180987 -18.204544 -18.225383 -18.246503 -18.267796
18 12 -20.115154 -20.109735 -20.116680 -20.131574 -20.148519 -20.159202 -20.154804 -20.130439 -20.088936 -20.031231 -19.946485 -19.814884 -19.637051 -19.441492 -19.259367 -19.104694 -18.980448 -18.883671 -18.807902 -18.743162 -18.677087 -18.600098 -18.511293 -18.418025 -18.328864 -18.250699 -18.186427 -18.136287 -18.098025 -18.070818 -18.052794 -18.042022 -18.037134 -18.036858 -18.041099 -18.048260 -18.057794 -18.069328 -18.083782 -18.099795 -18.117155 -18.136414 -18.156763 -18.178089 -18.199550 -18.221737 -18.244544 -18.267832 -18.287816 -18.308051 -18.328409
18 13 -19.525553 -19.552111 -19.584815 -19.621887 -19.662085 -19.704501 -19.748299 -19.791874 -19.833816 -19.864613 -19.858014 -19.772628 -19.601638 -19.392231 -19.191307 -19.020993 -18.884830 -18.780069 -18.701299 -18.641217 -18.590664 -18.539876 -18.482828 -18.419577 -18.353672 -18.291773 -18.238358 -18.195542 -18.161235 -18.136451 -18.120070 -18.109810 -18.105033 -18.104631 -18.108898 -18.115765 -18.124637 -18.135047 -18.148819 -18.163445 -18.178715 -18.195755 -18.213147 -18.230764 -18.247065 -18.263413 -18.279792 -18.296075 -18.304325 -18.312443 -18.320436
18 14 -20.646808 -20.653365 -20.670186 -20.694656 -20.724855 -20.759084 -20.793872 -20.816131 -20.790092 -20.655157 -20.394801 -20.072884 -19.757838 -19.482355 -19.255582 -19.074892 -18.934417 -18.825731 -18.742571 -18.679313 -18.628764 -18.582318 -18.532051 -18.474744 -18.412858 -18.351797 -18.296392 -18.249768 -18.212785 -18.185486 -18.166860 -18.155415 -18.150135 -18.149783 -18.153634 -18.160958 -18.171271 -18.184230 -18.199877 -18.217585 -18.237062 -18.258377 -18.280990 -18.304682 -18.329092 -18.354323 -18.380108 -18.406345 -18.431116 -18.456026 -18.481042
18 15 -19.951443 -20.031278 -20.106312 -20.177024 -20.243970 -20.307594 -20.367390 -20.418131 -20.442203 -20.388898 -20.199057 -19.903728 -19.594833 -19.324345 -19.104796 -18.932866 -18.802519 -18.705875 -18.636263 -18.587656 -18.554175 -18.529749 -18.508488 -18.485884 -18.460272 -18.432664 -18.405517 -18.381207 -18.361338 -18.346565 -18.336951 -18.332150 -18.331538 -18.334529 -18.340529 -18.348998 -18.359626 -18.372051 -18.386147 -18.401824 -18.419059 -18.437901 -18.458122 -18.479525 -18.501892 -18.525190 -18.549181 -18.573723 -18.597526 -18.621564 -18.645745
18 16 -20.223659 -20.304423 -20.380143 -20.451334 -20.518509 -20.580043 -20.606008 -20.433923 -20.436446 -20.118815 -19.790429 -19.512382 -19.292194 -19.124443 -19.000274 -18.908323 -18.843910 -18.802590 -18.775119 -18.761130 -18.756931 -18.757640 -18.754763 -18.746834 -18.732454 -18.710601 -18.687011 -18.665743 -18.644547 -18.628095 -18.616625 -18.609143 -18.601158 -18.594069 -18.587676 -18.581100 -18.574541 -18.568095 -18.565592 -18.564112 -18.563327 -18.566021 -18.572408 -18.579837 -18.591353 -18.605505 -18.620723 -18.636445 -18.664659 -18.693015 -18.719952
18 17 -18.796349 -18.856417 -18.918065 -18.979978 -19.042011 -19.105809 -19.169820 -19.233823 -19.299985 -19.366379 -19.432728 -19.498943 -19.568127 -19.637404 -19.706470 -19.778723 -19.850916 -19.914288 -19.987245 -20.058817 -20.127630 -20.193518 -20.261036 -20.323652 -20.377788 -20.426262 -20.448673 -20.413073 -20.297876 -20.114020 -19.907582 -19.713898 -19.550737 -19.415879 -19.308032 -19.224028 -19.158583 -19.108420 -19.071190 -19.044490 -19.025211 -19.011606 -19.004129 -19.002114 -19.002715 -19.006602 -19.014053 -19.024153 -19.035727 -19.049852 -19.065017
18 18 -17.860434 -17.933514 -17.998480 -18.060628 -18.121078 -18.181025 -18.241059 -18.300761 -18.360932 -18.421823 -18.482665 -18.543323 -18.604843 -18.667666 -18.730273 -18.793424 -18.857519 -18.920213 -18.984450 -19.050178 -19.115033 -19.179040 -19.244013 -19.310855 -19.376016 -19.440765 -19.504556 -19.560413 -19.602435 -19.627372 -19.620275 -19.580538 -19.525305 -19.470963 -19.415282 -19.367995 -19.326716 -19.292401 -19.266634 -19.244732 -19.227664 -19.215152 -19.206671 -19.201499 -19.198604 -19.198752 -19.203762 -19.211614 -19.220661 -19.230975 -19.242669
20  0 -17.419061 -17.480675 -17.542721 -17.605800 -17.669484 -17.732311 -17.787941 -17.828109 -17.819502 -17.739785 -17.592177 -17.413478 -17.238505 -17.082824 -16.950203 -16.842227 -16.756520 -16.690179 -16.638094 -16.599317 -16.571330 -16.550912 -16.536073 -16.525001 -16.517949 -16.513038 -16.510188 -16.509591 -16.513379 -16.519464 -16.527652 -16.539810 -16.553508 -16.568067 -16.586941 -16.606267 -16.626462 -16.647358 -16.670785 -16.694594 -16.718983 -16.744698 -16.770899 -16.797652 -16.824089 -16.850762 -16.877685 -16.904623 -16.926435 -16.948656 -16.970435
20  1 -34.404565 -31.563978 -29.272709 -27.388072 -25.809681 -24.483471 -23.389050 -22.500439 -21.774265 -21.188970 -20.710224 -20.304791 -19.964607 -19.676929 -19.429941 -19.221839 -19.046393 -18.898168 -18.778605 -18.677852 -18.592094 -18.528507 -18.474077 -18.426525 -18.399021 -18.375457 -18.354711 -18.336205 -18.330286 -18.325802 -18.322436 -18.330514 -18.339363 -18.348707 -18.365123 -18.382032 -18.399169 -18.416448 -18.440748 -18.465105 -18.489411 -18.516797 -18.544216 -18.571588 -18.601483 -18.631409 -18.661300 -18.691123 -18.720952 -18.750566 -18.779944
20  2 -28.016663 -27.583567 -26.923090 -25.522770 -24.183659 -23.100442 -22.216819 -21.478408 -20.851794 -20.310043 -19.845612 -19.453233 -19.124714 -18.852106 -18.628761 -18.444905 -18.293256 -18.167618 -18.069551 -17.988309 -17.920316 -17.874236 -17.836456 -17.805073 -17.791340 -17.781524 -17.774597 -17.769984 -17.778657 -17.788645 -17.799607 -17.817424 -17.835859 -17.854702 -17.880138 -17.905887 -17.931755 -17.957684 -17.988352 -18.018998 -18.049586 -18.082348 -18.115048 -18.147652 -18.181065 -18.214393 -18.247601 -18.280648 -18.311595 -18.342186 -18.372398
20  3 -24.853042 -24.912571 -24.905571 -24.057766 -22.754661 -21.679073 -20.816581 -20.120594 -19.558160 -19.098118 -18.723051 -18.419077 -18.174022 -17.978894 -17.821433 -17.696901 -17.599548 -17.524350 -17.464546 -17.418663 -17.383935 -17.359576 -17.342131 -17.330160 -17.326914 -17.327049 -17.329822 -17.334719 -17.345970 -17.358534 -17.372129 -17.390711 -17.409907 -17.429541 -17.453263 -17.477295 -17.501512 -17.525868 -17.552703 -17.579599 -17.606519 -17.633610 -17.660721 -17.687834 -17.711398 -17.734925 -17.758442 -17.781833 -17.794564 -17.807232 -17.819833
20  4 -23.254983 -23.332993 -23.368967 -23.039810 -22.234673 -21.449841 -20.775408 -20.188685 -19.671062 -19.217524 -18.829919 -18.505243 -18.240568 -18.029276 -17.858892 -17.726121 -17.624459 -17.548116 -17.488143 -17.444301 -17.413301 -17.391338 -17.377303 -17.369471 -17.368067 -17.370474 -17.375824 -17.383472 -17.396066 -17.410066 -17.425136 -17.444325 -17.464170 -17.484489 -17.508511 -17.532853 -17.557393 -17.582070 -17.609076 -17.636154 -17.663261 -17.690578 -17.717920 -17.745264 -17.769169 -17.793042 -17.816905 -17.840639 -17.853949 -17.867184 -17.880337
20  5 -22.595785 -22.608707 -22.616693 -22.476990 -21.905319 -21.201181 -20.586339 -20.059805 -19.592779 -19.174903 -18.809185 -18.497048 -18.239723 -18.032651 -17.864915 -17.734277 -17.634745 -17.560857 -17.503334 -17.462686 -17.435572 -17.416788 -17.406467 -17.402782 -17.404195 -17.409666 -17.418276 -17.429319 -17.444123 -17.460399 -17.477785 -17.498378 -17.519640 -17.541381 -17.566377 -17.591701 -17.617210 -17.642839 -17.670556 -17.698333 -17.726132 -17.754092 -17.782061 -17.810019 -17.834502 -17.858947 -17.883376 -17.907666 -17.921704 -17.935661 -17.949527
20  6 -21.994338 -22.034101 -22.071213 -22.036735 -21.664361 -21.036656 -20.447304 -19.942007 -19.498071 -19.103917 -18.760409 -18.467864 -18.226997 -18.033027 -17.875647 -17.752923 -17.659433 -17.590301 -17.536716 -17.499674 -17.476054 -17.460074 -17.452638 -17.451934 -17.455223 -17.462613 -17.473195 -17.486234 -17.502106 -17.519459 -17.537925 -17.559080 -17.580901 -17.603183 -17.628399 -17.653920 -17.679615 -17.705405 -17.733155 -17.760954 -17.788753 -17.816714 -17.844689 -17.872645 -17.897192 -17.921702 -17.946195 -17.970554 -17.984794 -17.998957 -18.013033
20  7 -21.137472 -21.208668 -21.275057 -21.326975 -21.292004 -20.988487 -20.467211 -19.933354 -19.456454 -19.048037 -18.707218 -18.428255 -18.202980 -18.022751 -17.879546 -17.766802 -17.679168 -17.612326 -17.562354 -17.526459 -17.502039 -17.486717 -17.478719 -17.476558 -17.479488 -17.486145 -17.495854 -17.508113 -17.523632 -17.540984 -17.559882 -17.581420 -17.604153 -17.627899 -17.653995 -17.680909 -17.708490 -17.736629 -17.766414 -17.796656 -17.827272 -17.858854 -17.890776 -17.922983 -17.955017 -17.987290 -18.019763 -18.052364 -18.082574 -18.112749 -18.142843
20  8 -22.327567 -22.335210 -22.311456 -22.016825 -21.359627 -20.681988 -20.094690 -19.596885 -19.177960 -18.829577 -18.544300 -18.314248 -18.131081 -17.986805 -17.874400 -17.787922 -17.721998 -17.671787 -17.633351 -17.604936 -17.585735 -17.574703 -17.571049 -17.573472 -17.580542 -17.591166 -17.604567 -17.620187 -17.638124 -17.657557 -17.678238 -17.700903 -17.724573 -17.749076 -17.775571 -17.802759 -17.830478 -17.858614 -17.888249 -17.918233 -17.948481 -17.979764 -18.011316 -18.043073 -18.074813 -18.106727 -18.138763 -18.170855 -18.200733 -18.230469 -18.260024
20  9 -21.873632 -21.883863 -21.901298 -21.897406 -21.683790 -21.066686 -20.367381 -19.769253 -19.287300 -18.905824 -18.606231 -18.371939 -18.189342 -18.047569 -17.938071 -17.854271 -17.791035 -17.744424 -17.711355 -17.689428 -17.676593 -17.670949 -17.670900 -17.675042 -17.682535 -17.692004 -17.702934 -17.714843 -17.728428 -17.742763 -17.757695 -17.774968 -17.792908 -17.811305 -17.833264 -17.855834 -17.878809 -17.902051 -17.928406 -17.955057 -17.981897 -18.010938 -18.040180 -18.069560 -18.100142 -18.130837 -18.161601 -18.192383 -18.222751 -18.252937 -18.282900
20 10 -22.090061 -22.111145 -22.115279 -21.709654 -21.490805 -20.714340 -20.054774 -19.534299 -19.128102 -18.814228 -18.573189 -18.388953 -18.249489 -18.145090 -18.065870 -18.008032 -17.966843 -17.938739 -17.916858 -17.903405 -17.896251 -17.888181 -17.882112 -17.876527 -17.866538 -17.855890 -17.844773 -17.833452 -17.821881 -17.811224 -17.801609 -17.796215 -17.792527 -17.790287 -17.795467 -17.802364 -17.810567 -17.819835 -17.835749 -17.852473 -17.869799 -17.892938 -17.916561 -17.940517 -17.975102 -18.008189 -18.039921 -18.070694 -18.102562 -18.133852 -18.164705
20 11 -21.670901 -21.692716 -21.721383 -21.754917 -21.791898 -21.831290 -21.872279 -21.913766 -21.956279 -21.999031 -22.041740 -22.083662 -21.978141 -21.965595 -21.944049 -21.905818 -21.750474 -21.236439 -20.562377 -19.970599 -19.494234 -19.118875 -18.826154 -18.599853 -18.426477 -18.294990 -18.196479 -18.123850 -18.071538 -18.034953 -18.010498 -17.995459 -17.987313 -17.984120 -17.984720 -17.987814 -17.992904 -17.999883 -18.009378 -18.021089 -18.035047 -18.051640 -18.070315 -18.090854 -18.113474 -18.137616 -18.163101 -18.189784 -18.217938 -18.247063 -18.277056
20 12 -20.058970 -20.147419 -20.229264 -20.305356 -20.376549 -20.443611 -20.507218 -20.567416 -20.625859 -20.682167 -20.733988 -20.762045 -20.705756 -20.504890 -20.234270 -19.971124 -19.749517 -19.569543 -19.413943 -19.255768 -19.077001 -18.883751 -18.695114 -18.525682 -18.382741 -18.268872 -18.182357 -18.118495 -18.071638 -18.037913 -18.014790 -18.000495 -17.993337 -17.991873 -17.995456 -18.002899 -18.013380 -18.026125 -18.041340 -18.058254 -18.076723 -18.097103 -18.118786 -18.141668 -18.165923 -18.191138 -18.217198 -18.244015 -18.271481 -18.299613 -18.328309
20 13 -19.932674 -19.949221 -19.973774 -20.003534 -20.035499 -20.066221 -20.092363 -20.111443 -20.124569 -20.132682 -20.135435 -20.121157 -20.060322 -19.928036 -19.742090 -19.550642 -19.380436 -19.240677 -19.129345 -19.037106 -18.948321 -18.846642 -18.726475 -18.596642 -18.470784 -18.359477 -18.267076 -18.193805 -18.136828 -18.094458 -18.064305 -18.043523 -18.030579 -18.023779 -18.022442 -18.024913 -18.030397 -18.038339 -18.049518 -18.062520 -18.077132 -18.093889 -18.111951 -18.131142 -18.150902 -18.171551 -18.192982 -18.215016 -18.234327 -18.253974 -18.273881
20 14 -19.520632 -19.589773 -19.656276 -19.719950 -19.780170 -19.835069 -19.881117 -19.913706 -19.931331 -19.933017 -19.915464 -19.863766 -19.758658 -19.603895 -19.430100 -19.265696 -19.126697 -19.015159 -18.928704 -18.861670 -18.804856 -18.745848 -18.673795 -18.586845 -18.491961 -18.399776 -18.318067 -18.250455 -18.196322 -18.155451 -18.126071 -18.105731 -18.093081 -18.086691 -18.085589 -18.088399 -18.094302 -18.102692 -18.114154 -18.127368 -18.142106 -18.158836 -18.176744 -18.195657 -18.215039 -18.235289 -18.256185 -18.277614 -18.296211 -18.315065 -18.334117
20 15 -19.090462 -19.160558 -19.227848 -19.292350 -19.354136 -19.413094 -19.468795 -19.520065 -19.567109 -19.607375 -19.634870 -19.633285 -19.579032 -19.463825 -19.311447 -19.154644 -19.016052 -18.902467 -18.814063 -18.747257 -18.695566 -18.649791 -18.600386 -18.541518 -18.474085 -18.404143 -18.338525 -18.281966 -18.235744 -18.200560 -18.175503 -18.159025 -18.149738 -18.145925 -18.147271 -18.151917 -18.159138 -18.168376 -18.180700 -18.194421 -18.209323 -18.226173 -18.244006 -18.262633 -18.281437 -18.300914 -18.320924 -18.341321 -18.358106 -18.375047 -18.392063
20 16 -20.175570 -20.236106 -20.295805 -20.354335 -20.411606 -20.467649 -20.522367 -20.574107 -20.617977 -20.630388 -20.555585 -20.344827 -20.045702 -19.742254 -19.475914 -19.255784 -19.077666 -18.937122 -18.827265 -18.742793 -18.677891 -18.625555 -18.577934 -18.528327 -18.473797 -18.416191 -18.359664 -18.308308 -18.264567 -18.229914 -18.204460 -18.187050 -18.176756 -18.172389 -18.172906 -18.177279 -18.185031 -18.195672 -18.209021 -18.224607 -18.242175 -18.261640 -18.282577 -18.304728 -18.327683 -18.351452 -18.376026 -18.401055 -18.424681 -18.448448 -18.472315
20 17 -19.879045 -19.930061 -19.982205 -20.034745 -20.087268 -20.139554 -20.191360 -20.241264 -20.286330 -20.310422 -20.269043 -20.105022 -19.841844 -19.562809 -19.317528 -19.118496 -18.963344 -18.844989 -18.758148 -18.695985 -18.653036 -18.623850 -18.602578 -18.583224 -18.561293 -18.534900 -18.505315 -18.475247 -18.447548 -18.424227 -18.406362 -18.394287 -18.387745 -18.386211 -18.388983 -18.395257 -18.404317 -18.415772 -18.428969 -18.443843 -18.460347 -18.478401 -18.497943 -18.518738 -18.540540 -18.563209 -18.586563 -18.610818 -18.633960 -18.657148 -18.680311
20 18 -20.406409 -20.406698 -20.418492 -20.438940 -20.465897 -20.497586 -20.528775 -20.518193 -20.312855 -20.318018 -20.026631 -19.732685 -19.483856 -19.286713 -19.136784 -19.026411 -18.945605 -18.889508 -18.854931 -18.832772 -18.822749 -18.821411 -18.823809 -18.821555 -18.812948 -18.796969 -18.773218 -18.747700 -18.724807 -18.702275 -18.684537 -18.671883 -18.663234 -18.653599 -18.644946 -18.636956 -18.629206 -18.621531 -18.615281 -18.611547 -18.608749 -18.608947 -18.610238 -18.614666 -18.623590 -18.633556 -18.646190 -18.660094 -18.677537 -18.703861 -18.730587
20 19 -18.581805 -18.642007 -18.702385 -18.764347 -18.826576 -18.888918 -18.952764 -19.016820 -19.080904 -19.147182 -19.213653 -19.280047 -19.346484 -19.415713 -19.484993 -19.554120 -19.626465 -19.698801 -19.761996 -19.834679 -19.906075 -19.975042 -20.040969 -20.108202 -20.170640 -20.226447 -20.273851 -20.299003 -20.275542 -20.185800 -20.033310 -19.852227 -19.674676 -19.519662 -19.387636 -19.279227 -19.192574 -19.123518 -19.068956 -19.029100 -19.002839 -18.984022 -18.970727 -18.965570 -18.967901 -18.972506 -18.981073 -18.993767 -19.008625 -19.025826 -19.045486
20 20 -17.387750 -17.630282 -17.751487 -17.833958 -17.903850 -17.968511 -18.031221 -18.093107 -18.154380 -18.215755 -18.277575 -18.339065 -18.400417 -18.462473 -18.525612 -18.588451 -18.651881 -18.716161 -18.778984 -18.843472 -18.909444 -18.974423 -19.038476 -19.103700 -19.170431 -19.235509 -19.300411 -19.364439 -19.421311 -19.467285 -19.500102 -19.507485 -19.487849 -19.454708 -19.419531 -19.380063 -19.345510 -19.313527 -19.286011 -19.265009 -19.246287 -19.231266 -19.219650 -19.211235 -19.205605 -19.202819 -19.204450 -19.207948 -19.215072 -19.223305 -19.233235
26  0 -16.518679 -16.587708 -16.654599 -16.718432 -16.783333 -16.848509 -16.911868 -16.973888 -17.032369 -17.084994 -17.127713 -17.150568 -17.142074 -17.096376 -17.020294 -16.929683 -16.838991 -16.757132 -16.687155 -16.629723 -16.583825 -16.547891 -16.521015 -16.501678 -16.488664 -16.480045 -16.474630 -16.471468 -16.471585 -16.473722 -16.477981 -16.485942 -16.495759 -16.507193 -16.522303 -16.538632 -16.555551 -16.573395 -16.593415 -16.614239 -16.635083 -16.660172 -16.684754 -16.708869 -16.733315 -16.757779 -16.782276 -16.806757 -16.829814 -16.852825 -16.875725
26  1 -27.422372 -28.436198 -27.530256 -26.741897 -26.005680 -25.328742 -24.729131 -24.211513 -23.761008 -23.313382 -22.810582 -22.276831 -21.766414 -23.579380 -23.317336 -23.103942 -22.933412 -22.798594 -22.689857 -22.602492 -22.525424 -22.440739 -22.320194 -22.158394 -21.980589 -21.809844 -21.663305 -21.545667 -21.447302 -21.371622 -21.315314 -21.266322 -21.229564 -21.202224 -21.179225 -21.161746 -21.149008 -21.140007 -21.135329 -21.133149 -21.133036 -21.135441 -21.139259 -21.144222 -21.148740 -21.154015 -21.159908 -21.166198 -21.163779 -21.161683 -21.159837
26  2 -22.960828 -21.902368 -21.066397 -20.408084 -19.887434 -19.480182 -19.163563 -18.919200 -18.726921 -18.580158 -18.469101 -18.381123 -18.314045 -18.262189 -18.217856 -18.180781 -18.148064 -18.117560 -18.090263 -18.064450 -18.039672 -18.021429 -18.004882 -17.989782 -17.984981 -17.982074 -17.980631 -17.980437 -17.990466 -18.001589 -18.013564 -18.032123 -18.051311 -18.070939 -18.095833 -18.120928 -18.145971 -18.170816 -18.199129 -18.227057 -18.254521 -18.283716 -18.312664 -18.341363 -18.370224 -18.399061 -18.427853 -18.456583 -18.483324 -18.509955 -18.536426
26  3 -23.654273 -23.003152 -22.059999 -21.288656 -20.658647 -20.148025 -19.737812 -19.411472 -19.152401 -18.950744 -18.796145 -18.676798 -18.587909 -18.522839 -18.471608 -18.433957 -18.406462 -18.386729 -18.369097 -18.354250 -18.342125 -18.332266 -18.324296 -18.317614 -18.317300 -18.318391 -18.320426 -18.323063 -18.332927 -18.343292 -18.353923 -18.371655 -18.389295 -18.406701 -18.428400 -18.449942 -18.470952 -18.491177 -18.515065 -18.537931 -18.559685 -18.583194 -18.606036 -18.628219 -18.650276 -18.672248 -18.694167 -18.715949 -18.735607 -18.755363 -18.775140
26  4 -26.743695 -25.068009 -23.757344 -22.734307 -21.937859 -21.307052 -20.800602 -20.391478 -20.060528 -19.793836 -19.579411 -19.402208 -19.243895 -19.079178 -18.889687 -18.694351 -18.521889 -18.387026 -18.285277 -18.211050 -18.155685 -18.113953 -18.081119 -18.054430 -18.038613 -18.026798 -18.017899 -18.011210 -18.015153 -18.020783 -18.027656 -18.041705 -18.056584 -18.072021 -18.095451 -18.119277 -18.143163 -18.166915 -18.193666 -18.220125 -18.246201 -18.275438 -18.304365 -18.332956 -18.361525 -18.389960 -18.418255 -18.446354 -18.471820 -18.497091 -18.522140
26  5 -30.672444 -28.207402 -26.243305 -24.681642 -23.432825 -22.423122 -21.602976 -20.929457 -20.371567 -19.903594 -19.505365 -19.162711 -18.870589 -18.626060 -18.422465 -18.258009 -18.127351 -18.024818 -17.941246 -17.875561 -17.823956 -17.782191 -17.749167 -17.722977 -17.704432 -17.690527 -17.680244 -17.672807 -17.673406 -17.676118 -17.680479 -17.690935 -17.702560 -17.715081 -17.734280 -17.754136 -17.774399 -17.794940 -17.819052 -17.843279 -17.867537 -17.893839 -17.920141 -17.946398 -17.971544 -17.996651 -18.021713 -18.046637 -18.065147 -18.083410 -18.101411
26  6 -22.428796 -22.416878 -22.417638 -22.427541 -22.440181 -22.389944 -21.998233 -21.335830 -20.716615 -20.194997 -19.748857 -19.356193 -19.009610 -18.710722 -18.458545 -18.252578 -18.088236 -17.959524 -17.856256 -17.776486 -17.715481 -17.666628 -17.629423 -17.601330 -17.580181 -17.564916 -17.554242 -17.547135 -17.545881 -17.547141 -17.550363 -17.559449 -17.569973 -17.581610 -17.598618 -17.616434 -17.634781 -17.653492 -17.675761 -17.698206 -17.720727 -17.745029 -17.769379 -17.793734 -17.816995 -17.840274 -17.863556 -17.886750 -17.903420 -17.919907 -17.936195
26  7 -21.732569 -21.727450 -21.734289 -21.749947 -21.772077 -21.798853 -21.827641 -21.834384 -21.637912 -21.051125 -20.371682 -19.777273 -19.286091 -18.887937 -18.566285 -18.310986 -18.110832 -17.955965 -17.833475 -17.740557 -17.671294 -17.617249 -17.577950 -17.550153 -17.529662 -17.516224 -17.508203 -17.504292 -17.505144 -17.508669 -17.514226 -17.524632 -17.536429 -17.549271 -17.566867 -17.585197 -17.603990 -17.623079 -17.645551 -17.668153 -17.690790 -17.714866 -17.738962 -17.763038 -17.785579 -17.808123 -17.830658 -17.853083 -17.867982 -17.882740 -17.897341
26  8 -21.544104 -21.533768 -21.536819 -21.549913 -21.570553 -21.596785 -21.624693 -21.609585 -21.310128 -20.670088 -20.028076 -19.485989 -19.043307 -18.686083 -18.399995 -18.172150 -17.991627 -17.849435 -17.737999 -17.651275 -17.584311 -17.533211 -17.495040 -17.467308 -17.448268 -17.436038 -17.429284 -17.426972 -17.429605 -17.435422 -17.443896 -17.456269 -17.470716 -17.486930 -17.506532 -17.527555 -17.549740 -17.572884 -17.598411 -17.624669 -17.651519 -17.679781 -17.708541 -17.737712 -17.767957 -17.798606 -17.829589 -17.860841 -17.891652 -17.922645 -17.953767
26  9 -21.151483 -21.152131 -21.164081 -21.184459 -21.211151 -21.242560 -21.276730 -21.296705 -21.169472 -20.682608 -20.067357 -19.523381 -19.077210 -18.717864 -18.430676 -18.201993 -18.020129 -17.875675 -17.761379 -17.671692 -17.602318 -17.549703 -17.510829 -17.483490 -17.465806 -17.455821 -17.451870 -17.452715 -17.457807 -17.466591 -17.478679 -17.494021 -17.511982 -17.532358 -17.554432 -17.577888 -17.602854 -17.628389 -17.654952 -17.682329 -17.709923 -17.738072 -17.766449 -17.794988 -17.824197 -17.853343 -17.880429 -17.907550 -17.934976 -17.962375 -17.989698
26 10 -21.333301 -21.386297 -21.439664 -21.492727 -21.545024 -21.593975 -21.608592 -21.435166 -20.968491 -20.412796 -19.890202 -19.425413 -19.026015 -18.693568 -18.423277 -18.207388 -18.037018 -17.903893 -17.800909 -17.721533 -17.660268 -17.613480 -17.579908 -17.558308 -17.547063 -17.544842 -17.550327 -17.562358 -17.580068 -17.602341 -17.628328 -17.657779 -17.688869 -17.720658 -17.753579 -17.786304 -17.818532 -17.850071 -17.881993 -17.913201 -17.943670 -17.974153 -18.004128 -18.033617 -18.063174 -18.092547 -18.121746 -18.150792 -18.178705 -18.206554 -18.234324
26 11 -21.038410 -21.040019 -21.052626 -21.073355 -21.100005 -21.130005 -21.150719 -21.092979 -20.821610 -20.369412 -19.883825 -19.433220 -19.040834 -18.713513 -18.447963 -18.236306 -18.069210 -17.937895 -17.834983 -17.755130 -17.694397 -17.649335 -17.617906 -17.597992 -17.586740 -17.582682 -17.584280 -17.590313 -17.599854 -17.612059 -17.626358 -17.643335 -17.661736 -17.681289 -17.703379 -17.726278 -17.749745 -17.773575 -17.799204 -17.825022 -17.850919 -17.877601 -17.904373 -17.931161 -17.957657 -17.984253 -18.010900 -18.037508 -18.060695 -18.083762 -18.106648
26 12 -20.791996 -20.804370 -20.825584 -20.853264 -20.885575 -20.918879 -20.925776 -20.784005 -20.398444 -19.928952 -19.496581 -19.123918 -18.809568 -18.549007 -18.336962 -18.167064 -18.032822 -17.928039 -17.846598 -17.782794 -17.732142 -17.691849 -17.661400 -17.640260 -17.626992 -17.621000 -17.620951 -17.625717 -17.634193 -17.645630 -17.659304 -17.675465 -17.693187 -17.712210 -17.733708 -17.756211 -17.779441 -17.803147 -17.828668 -17.854440 -17.880299 -17.907057 -17.933875 -17.960693 -17.987410 -18.014164 -18.040901 -18.067539 -18.091067 -18.114399 -18.137458
26 13 -20.001973 -20.076793 -20.145714 -20.201780 -20.227085 -20.198827 -20.112682 -19.984334 -19.818362 -19.598566 -19.323869 -19.027259 -18.747229 -18.505256 -18.307335 -18.151400 -18.031528 -17.940540 -17.871078 -17.817250 -17.775865 -17.745399 -17.725906 -17.717688 -17.720528 -17.733915 -17.755142 -17.781199 -17.809789 -17.838721 -17.866673 -17.894257 -17.919786 -17.943114 -17.966838 -17.988834 -18.009323 -18.028531 -18.049256 -18.069202 -18.088472 -18.108606 -18.128450 -18.148048 -18.167516 -18.187065 -18.206686 -18.226315 -18.241800 -18.257375 -18.273010
26 14 -21.409577 -21.402104 -21.407632 -21.422932 -21.445028 -21.463222 -21.403908 -21.072990 -20.521170 -19.972078 -19.498303 -19.105528 -18.786408 -18.531390 -18.330899 -18.175843 -18.058162 -17.970357 -17.905715 -17.858555 -17.824528 -17.800369 -17.784135 -17.774461 -17.769817 -17.769659 -17.773273 -17.780087 -17.789307 -17.800821 -17.814328 -17.829945 -17.847043 -17.865343 -17.885753 -17.906943 -17.928587 -17.950409 -17.973824 -17.997206 -18.020412 -18.044508 -18.068463 -18.092205 -18.116039 -18.139871 -18.163568 -18.187070 -18.207491 -18.227647 -18.247518
26 15 -20.942090 -20.955709 -20.978018 -21.006670 -21.039330 -21.064945 -21.010414 -20.704542 -20.200806 -19.699966 -19.272830 -18.925822 -18.650381 -18.435134 -18.269154 -18.142966 -18.048825 -17.979971 -17.930679 -17.896142 -17.872480 -17.856925 -17.847543 -17.843021 -17.842354 -17.844764 -17.849646 -17.856449 -17.864796 -17.874366 -17.884952 -17.896966 -17.909747 -17.923277 -17.938925 -17.955472 -17.972721 -17.990477 -18.011104 -18.032253 -18.053751 -18.077498 -18.101556 -18.125808 -18.152569 -18.179606 -18.206775 -18.234011 -18.261519 -18.288948 -18.316253
26 16 -21.392255 -21.385827 -21.392211 -21.408221 -21.430498 -21.425621 -21.103970 -20.331813 -20.262709 -19.744731 -19.333764 -19.014769 -18.768787 -18.581581 -18.440821 -18.335640 -18.259126 -18.205278 -18.165580 -18.138405 -18.120557 -18.109524 -18.099252 -18.091570 -18.084735 -18.073599 -18.059991 -18.044315 -18.024236 -18.003657 -17.984004 -17.966828 -17.950575 -17.936615 -17.927592 -17.921500 -17.917625 -17.915508 -17.920093 -17.926224 -17.933432 -17.944938 -17.958464 -17.972682 -17.991088 -18.011030 -18.031458 -18.052100 -18.083507 -18.113530 -18.141535
26 17 -19.178000 -19.240980 -19.305656 -19.370494 -19.435350 -19.502101 -19.568997 -19.635837 -19.705203 -19.774736 -19.844171 -19.913486 -19.986079 -20.058711 -20.131075 -20.206546 -20.279591 -20.318382 -20.337812 -20.283051 -20.136878 -19.895578 -19.602772 -19.288734 -18.995143 -18.751824 -18.554151 -18.398976 -18.276799 -18.184615 -18.117016 -18.064648 -18.028258 -18.004110 -17.986076 -17.975282 -17.969941 -17.968797 -17.971280 -17.976272 -17.982883 -18.004719 -18.023662 -18.040603 -18.061010 -18.080830 -18.100284 -18.119703 -18.143469 -18.167270 -18.191113
26 18 -18.407159 -18.462995 -18.519972 -18.578991 -18.637855 -18.696685 -18.754822 -18.810765 -18.864978 -18.918595 -18.968388 -19.013783 -19.058190 -19.106322 -19.150825 -19.187443 -19.210116 -19.213095 -19.201550 -19.176560 -19.140509 -19.093280 -19.025782 -18.925191 -18.791538 -18.648939 -18.515939 -18.395238 -18.298263 -18.220745 -18.160232 -18.115824 -18.086057 -18.063625 -18.049642 -18.042705 -18.039774 -18.041021 -18.045656 -18.053829 -18.063844 -18.091875 -18.114564 -18.136090 -18.156527 -18.175835 -18.196605 -18.217423 -18.238906 -18.262797 -18.287056
26 19 -18.186466 -18.241073 -18.294845 -18.350975 -18.407335 -18.463473 -18.522922 -18.581828 -18.639515 -18.696800 -18.751144 -18.801405 -18.846694 -18.889976 -18.927496 -18.953767 -18.967059 -18.964044 -18.945612 -18.920733 -18.891471 -18.861862 -18.829101 -18.778415 -18.704569 -18.609227 -18.513874 -18.417762 -18.331349 -18.263762 -18.207378 -18.164697 -18.134741 -18.114360 -18.099829 -18.091999 -18.089180 -18.090281 -18.094350 -18.101624 -18.110878 -18.136545 -18.157984 -18.177624 -18.197472 -18.216284 -18.235656 -18.256290 -18.277771 -18.300302 -18.324474
26 20 -18.068594 -18.086311 -18.096822 -18.111404 -18.139347 -18.165199 -18.197795 -18.240540 -18.280963 -18.325550 -18.377297 -18.426261 -18.471649 -18.515108 -18.570317 -18.609958 -18.639433 -18.659457 -18.668418 -18.669523 -18.664037 -18.659241 -18.653324 -18.637720 -18.602213 -18.550529 -18.488380 -18.422646 -18.355940 -18.299132 -18.253587 -18.216918 -18.191659 -18.173753 -18.161618 -18.155572 -18.154646 -18.156573 -18.161599 -18.169715 -18.180592 -18.208643 -18.232269 -18.252726 -18.274363 -18.294808 -18.314524 -18.333850 -18.354205 -18.376272 -18.400088
26 21 -17.592634 -17.615692 -17.636068 -17.652886 -17.693990 -17.734682 -17.774578 -17.839663 -17.904571 -17.968572 -18.050618 -18.132128 -18.212134 -18.289639 -18.364248 -18.431281 -18.487051 -18.528591 -18.557141 -18.575152 -18.580746 -18.584654 -18.589021 -18.592357 -18.578573 -18.554306 -18.516640 -18.471874 -18.421310 -18.372219 -18.331797 -18.298074 -18.272470 -18.254844 -18.242698 -18.235783 -18.233142 -18.234510 -18.238347 -18.245132 -18.255058 -18.282800 -18.305502 -18.324471 -18.344259 -18.362540 -18.379856 -18.398919 -18.417842 -18.436977 -18.457880
26 22 -16.983809 -17.085081 -17.186031 -17.286633 -17.392877 -17.503143 -17.612431 -17.715885 -17.813891 -17.909874 -17.999405 -18.083481 -18.165136 -18.243335 -18.311301 -18.367727 -18.413075 -18.448321 -18.473527 -18.489541 -18.501878 -18.511210 -18.521489 -18.532749 -18.536712 -18.529635 -18.513427 -18.489447 -18.458043 -18.423961 -18.394832 -18.369040 -18.348561 -18.334157 -18.325867 -18.320084 -18.317901 -18.318935 -18.322504 -18.328249 -18.335543 -18.354695 -18.371162 -18.385686 -18.399489 -18.414584 -18.429179 -18.443821 -18.461284 -18.476813 -18.492154
26 23 -17.749025 -17.797563 -17.845116 -17.891533 -17.938075 -17.989800 -18.038012 -18.082101 -18.124363 -18.163236 -18.200434 -18.248560 -18.294605 -18.337084 -18.374950 -18.411373 -18.436423 -18.452958 -18.472344 -18.484147 -18.495362 -18.510744 -18.526339 -18.543560 -18.560542 -18.570192 -18.573425 -18.568714 -18.556371 -18.538195 -18.519236 -18.502652 -18.488157 -18.477959 -18.471564 -18.469327 -18.468975 -18.471453 -18.475719 -18.481762 -18.488091 -18.498729 -18.508309 -18.516743 -18.524014 -18.533042 -18.542348 -18.551555 -18.560127 -18.569312 -18.578093
26 24 -17.934242 -17.978287 -18.015066 -18.031287 -18.016067 -18.026522 -18.047561 -18.063204 -18.099088 -18.141082 -18.181099 -18.228555 -18.274924 -18.317042 -18.353729 -18.397086 -18.437998 -18.474078 -18.517954 -18.561083 -18.600686 -18.642025 -18.681906 -18.720594 -18.757029 -18.783651 -18.800527 -18.807468 -18.805751 -18.795613 -18.781969 -18.769292 -18.755155 -18.741961 -18.729650 -18.717242 -18.702512 -18.687718 -18.673461 -18.659892 -18.647357 -18.638481 -18.632041 -18.626874 -18.625141 -18.625972 -18.629317 -18.633994 -18.643273 -18.654843 -18.668583
26 25 -17.568187 -17.642875 -17.715578 -17.786187 -17.855267 -17.924268 -17.993901 -18.062730 -18.132059 -18.202383 -18.272244 -18.342930 -18.415180 -18.486874 -18.558055 -18.630417 -18.704576 -18.778021 -18.852417 -18.928355 -18.999706 -19.074173 -19.149794 -19.223365 -19.294659 -19.365369 -19.435682 -19.502022 -19.564869 -19.621973 -19.664750 -19.685477 -19.675846 -19.631743 -19.561699 -19.481247 -19.401854 -19.329263 -19.267182 -19.215494 -19.173460 -19.140175 -19.114278 -19.093682 -19.077317 -19.064980 -19.058003 -19.054029 -19.053094 -19.056845 -19.065228
26 26 -17.151965 -17.215721 -17.279364 -17.342075 -17.404036 -17.465404 -17.526993 -17.588012 -17.648808 -17.710354 -17.771636 -17.832673 -17.894858 -17.956764 -18.018428 -18.079955 -18.143306 -18.206337 -18.269148 -18.333850 -18.397116 -18.460702 -18.527248 -18.592965 -18.657820 -18.721979 -18.789813 -18.856158 -18.920944 -18.987814 -19.050591 -19.105959 -19.158765 -19.198637 -19.222521 -19.229998 -19.238133 -19.236390 -19.229040 -19.222215 -19.211859 -19.201436 -19.192714 -19.183801 -19.175510 -19.168388 -19.164458 -19.162600 -19.163129 -19.166252 -19.174053
