Start Times
          171                       193                       211                       335
2010-06-13T05:29:59.12Z   2010-06-13T05:30:06.61Z   2010-06-13T05:30:00.62Z   2010-06-13T05:30:03.60Z

Intensities [DN/(sec pixel)] 
    time[sec]             171             193             211           335
       0.0000000       26.023956       29.648670       6.0256867      0.11078357
       12.000000       25.970947       29.663137       6.0520163     0.086165294
       24.000000       26.013353       29.617996       6.0674033     0.088558473
       36.000000       25.885448       29.582771       6.0434675     0.072488263
       48.000000       26.066021       29.683315       6.0328674     0.087532699
       60.000000       26.075939       29.573879       6.0479126      0.10428736
       72.000000       26.014723       29.577982       6.0137186     0.097448513
       84.000000       26.052341       29.823427       6.0444932     0.077275224
       96.000000       26.017799       29.499666       5.9826021     0.087190777
       108.00000       26.314308       29.432636       6.0400481     0.080694482
       120.00000       25.992834       29.786596       5.9784989     0.074881487
       132.00000       26.054050       29.479490       5.9508014     0.087874927
       144.00000       26.136814       29.617208       6.0113254     0.086849146
       156.00000       26.229151       29.729826       6.0294480     0.083429888
       168.00000       26.323883       29.572512       6.0814233     0.073514044
       180.00000       26.310888       29.506849       6.0130553      0.10565470
       192.00000       26.279766       29.538654       5.9843116     0.093345419
       204.00000       26.255142       29.708622       6.0598807     0.078642927
       216.00000       26.532499       29.595766       6.0232930     0.078300737
       228.00000       26.478464       29.561567       5.9309688     0.093687341
       240.00000       26.385784       29.503771       5.9159436     0.088558473
       252.00000       26.371420       29.641592       6.0065379     0.068042994
       264.00000       26.210001       29.530104       6.0232930     0.085139520
       276.00000       26.230520       29.560541       5.9702921     0.093687661
       288.00000       26.281477       29.615156       5.9258399     0.089584552
       300.00000       26.261730       29.715462       6.0267124     0.080010630
       312.00000       26.121765       29.674767       5.9449887     0.082061909
       324.00000       26.321922       29.691181       5.9932022      0.12343521
       336.00000       26.410749       29.428875       5.9696083      0.10155196
       348.00000       26.408014       29.605684       5.9747376     0.090610020
       360.00000       26.372446       29.343275       5.9692664     0.095397294
       372.00000       26.388611       29.535234       5.9504595      0.11557091
       384.00000       26.290710       29.466732       5.9118204     0.089926481
       396.00000       26.547979       29.476309       5.9993572     0.089584552
       408.00000       26.360909       29.372686       5.9118404     0.084797591
       420.00000       26.443329       29.374498       5.9323368     0.081720263
       432.00000       26.422379       29.409964       5.9015822     0.091294184
       444.00000       26.402884       29.419197       5.9384918     0.093345419
       456.00000       26.324909       29.569092       5.9039555     0.092661887
       468.00000       26.389889       29.451105       5.8947234     0.085823372
       480.00000       26.547205       29.540363       5.9713182     0.095738888
       492.00000       26.191532       29.492826       5.9945698     0.089584552
       504.00000       26.232571       29.346695       5.9932022     0.076933034
       516.00000       26.433664       29.325253       6.1023026     0.081719980
       528.00000       26.311571       29.328672       5.9720020     0.082745753
       540.00000       26.301311       29.616285       6.1015978      0.11044203
       552.00000       25.818075       29.623022       6.0479126      0.10257738
       564.00000       25.490789       29.737007       6.2243543     0.099842325
       576.00000       24.995241       30.934889       6.3689957      0.11967402
       588.00000       24.484303       33.467770       7.1698217      0.12890601
       600.00000       24.248329       35.036354       8.0646820      0.14463460
       612.00000       23.843409       34.851803       8.7044535      0.13779561
       624.00000       23.540403       34.256058       9.1541061      0.14121486
       636.00000       23.124540       33.016228       9.0822983      0.15420853
       648.00000       22.830425       31.974874       9.0665693      0.12275093
       660.00000       22.686789       30.407543       8.9400511      0.16378245
       672.00000       22.482277       29.659956       8.6569233      0.17506599
       684.00000       22.330090       28.738981       8.6076841      0.16446629
       696.00000       22.085222       28.551229       8.3977327      0.17916910
       708.00000       21.728523       27.967798       8.2842083      0.15967934
       720.00000       21.732286       27.735929       8.1737604      0.17198807
       732.00000       21.744940       27.504404       7.9655461      0.17643310
       744.00000       21.442617       27.292809       7.8229294      0.16070512
       756.00000       21.503492       26.852232       7.6454878      0.15078875
       768.00000       21.645761       26.655590       7.4331164      0.16446574
       780.00000       21.879002       26.041037       7.1513567      0.16583343
       792.00000       21.722368       25.605343       6.8901138      0.20959978
       804.00000       21.842066       24.989765       6.6384678      0.11967402
       816.00000       21.942953       24.623495       6.3836989      0.12240943
       828.00000       21.609169       24.003471       6.1648569      0.15181504
       840.00000       21.758619       23.373528       5.8642902      0.11351936
       852.00000       21.700823       22.830109       5.6710939      0.10702240
       864.00000       21.763065       22.672794       5.3431721      0.11796439
       876.00000       21.570181       22.184435       5.2812810      0.10565470
       888.00000       21.544189       21.961193       5.1089425     0.099158473
       900.00000       21.775719       21.546286       4.9564366      0.11591284
       912.00000       21.977154       21.370920       4.8938785      0.11249319
       924.00000       21.904650       21.004307       4.7734981     0.088216849
       936.00000       21.937140       20.671478       4.6401410     0.085481443
       948.00000       21.969971       20.189276       4.4893603     0.086848848
       960.00000       22.021954       20.012810       4.3416414     0.079668708
       972.00000       21.941244       19.896261       4.2725544     0.084455378
       984.00000       21.796238       19.582932       4.1214166     0.092319645
       996.00000       21.904650       19.514259       4.1498117     0.088900395
       1008.0000       21.973049       19.663982       4.1022820     0.084797300
       1020.0000       22.015799       19.418844       4.0718350     0.074539565
       1032.0000       22.112581       19.250860       4.0154147     0.073513791
       1044.0000       22.175167       19.231775       3.9176195     0.074197643
       1056.0000       22.140968       18.983084       3.8796773     0.076249190
       1068.0000       22.384466       19.067621       3.8328183     0.069410935
       1080.0000       22.324961       18.941086       3.7887208     0.071462244
       1092.0000       22.425924       18.712229       3.6956997     0.065991446
       1104.0000       22.453892       18.536169       3.6786027     0.075907260
       1116.0000       22.601631       18.541235       3.6929643     0.056417558
       1128.0000       22.638226       18.567909       3.6389375     0.066333376
       1140.0000       22.575718       18.379475       3.5346456     0.060862787
       1152.0000       22.814693       18.212925       3.5418262     0.063597977
       1164.0000       22.719620       18.135700       3.4604442     0.055391975
       1176.0000       23.329735       17.910608       3.4382181     0.059152957
       1188.0000       23.327341       17.854179       3.4211211     0.062230278
       1236.0000       23.610512       17.342285       3.1485939     0.060520861
       1248.0000       23.639923       17.297422       3.0610571     0.070778638
       1260.0000       23.669334       17.129507       3.0658548     0.047869444
       1272.0000       23.776459       17.094624       3.1065352     0.044108275
       1284.0000       24.077673       16.867262       3.0494416     0.052314643
       1296.0000       24.115717       17.077868       2.9916430     0.038295686
       1308.0000       24.421719       16.800573       2.9331710     0.044792123
       1320.0000       24.608189       16.652775       2.9461749     0.064623751
       1332.0000       24.941206       16.712683       2.9735200     0.048211534
       1344.0000       24.899483       16.480755       2.8846154     0.045134049
       1356.0000       24.857418       16.493752       2.8989770     0.053340238
       1368.0000       25.015505       16.388077       2.8668344     0.064281829
       1380.0000       25.202831       16.389444       2.7751942     0.037953760
       1392.0000       25.263706       16.279667       2.8080206     0.050262917
       1404.0000       25.177181       16.171997       2.7820330     0.046501905
       1416.0000       25.455906       16.184252       2.7516003     0.048553459
       1428.0000       25.637161       16.130901       2.7468131     0.043766499
       1440.0000       25.704876       16.087128       2.7047544     0.049921162
       1452.0000       25.929224       16.011946       2.7310839     0.057443336
       1464.0000       25.731894       15.815247       2.7396324     0.043424424
       1476.0000       25.703167       15.763661       2.7433937     0.054707937
       1488.0000       25.875874       15.886380       2.6862895     0.042398650
       1500.0000       25.711374       15.777969       2.6100366     0.041372877
       1512.0000       25.904005       15.720858       2.6243982     0.048553295
       1524.0000       25.953505       15.636728       2.6312370     0.049237143
       1536.0000       26.031910       15.520110       2.5782361     0.057101604
       1548.0000       26.143654       15.537552       2.6127722     0.049920991
       1560.0000       26.097916       15.491041       2.5919137     0.043424424
       1572.0000       26.169302       15.383999       2.5153189     0.044108275
       1584.0000       26.227100       15.487621       2.5720811     0.048895217
       1596.0000       26.326620       15.350142       2.4999316     0.049920991
       1608.0000       26.406395       15.234550       2.5382378     0.055391785
       1620.0000       26.409723       15.180516       2.5077963     0.036244009
       1632.0000       26.502495       15.252334       2.4465888     0.036244009
       1644.0000       26.316017       15.262251       2.5307064     0.033166800
       1656.0000       26.540798       15.203772       2.4831765     0.055050049
       1668.0000       26.646725       15.137425       2.4428358     0.047185596
       1680.0000       26.401516       15.018071       2.4681311     0.051972717
       1692.0000       26.454184       14.890852       2.4380403     0.037611708
       1704.0000       26.741549       14.892904       2.3734133     0.045475971
       1716.0000       26.976406       14.699339       2.4441953     0.039321329
       1728.0000       26.791479       14.766368       2.4082913     0.059153158
       1740.0000       26.812592       14.611106       2.4188917     0.056417558
       1752.0000       26.924173       14.750978       2.3840137     0.054707937
       1764.0000       26.884411       14.679213       2.4373565     0.040347241
       1776.0000       27.083885       14.727039       2.3809361     0.041714802
       1788.0000       27.306429       14.544760       2.3857234     0.044108424

