0.0             2.964866999999999919e+01
20.0            2.966313699999999898e+01
40.0            2.961799600000000154e+01
60.0            2.958277100000000104e+01
80.0            2.968331500000000034e+01
100.0           2.957387900000000158e+01
120.0           2.957798199999999866e+01
140.0           2.982342699999999880e+01
160.0           2.949966600000000128e+01
180.0           2.943263599999999869e+01
200.0           2.978659599999999941e+01
220.0           2.947948999999999842e+01
240.0           2.961720800000000153e+01
260.0           2.972982599999999920e+01
280.0           2.957251199999999969e+01
300.0           2.950684899999999899e+01
320.0           2.953865400000000108e+01
340.0           2.970862199999999831e+01
360.0           2.959576600000000113e+01
380.0           2.956156700000000015e+01
400.0           2.950377100000000041e+01
420.0           2.964159199999999927e+01
440.0           2.953010400000000146e+01
460.0           2.956054100000000062e+01
480.0           2.961515599999999893e+01
500.0           2.971546199999999871e+01
520.0           2.967476699999999923e+01
540.0           2.969118100000000027e+01
560.0           2.942887500000000145e+01
580.0           2.960568400000000011e+01
600.0           2.934327499999999844e+01
620.0           2.953523399999999910e+01
640.0           2.946673200000000037e+01
660.0           2.947630900000000054e+01
680.0           2.937268600000000163e+01
700.0           2.937449799999999911e+01
720.0           2.940996399999999866e+01
740.0           2.941919700000000049e+01
760.0           2.956909200000000126e+01
780.0           2.945110499999999831e+01
800.0           2.954036299999999926e+01
820.0           2.949282600000000087e+01
840.0           2.934669500000000042e+01
860.0           2.932525300000000001e+01
880.0           2.932867200000000096e+01
900.0           2.961628500000000130e+01
920.0           2.962302199999999885e+01
940.0           2.973700699999999841e+01
960.0           3.093488899999999830e+01
980.0           3.346777000000000157e+01
1000.0          3.503635400000000288e+01
1020.0          3.485180299999999676e+01
1040.0          3.425605800000000301e+01
1060.0          3.301622799999999813e+01
1080.0          3.197487399999999980e+01
1100.0          3.040754300000000043e+01
1120.0          2.965995600000000110e+01
1140.0          2.873898099999999900e+01
1160.0          2.855122899999999930e+01
1180.0          2.796779799999999838e+01
1200.0          2.773592899999999872e+01
1220.0          2.750440400000000096e+01
1240.0          2.729280899999999832e+01
1260.0          2.685223200000000077e+01
1280.0          2.665559000000000012e+01
1300.0          2.604103699999999932e+01
1320.0          2.560534300000000130e+01
1340.0          2.498976499999999845e+01
1360.0          2.462349499999999836e+01
1380.0          2.400347100000000111e+01
1400.0          2.337352800000000030e+01
1420.0          2.283010900000000021e+01
1440.0          2.267279399999999967e+01
1460.0          2.218443500000000057e+01
1480.0          2.196119300000000152e+01
1500.0          2.154628599999999850e+01
1520.0          2.137092000000000169e+01
1540.0          2.100430700000000073e+01
1560.0          2.067147800000000046e+01
1580.0          2.018927599999999956e+01
1600.0          2.001281000000000176e+01
1620.0          1.989626099999999909e+01
1640.0          1.958293199999999956e+01
1660.0          1.951425899999999913e+01
1680.0          1.966398200000000074e+01
1700.0          1.941884399999999999e+01
1720.0          1.925085999999999942e+01
1740.0          1.923177499999999895e+01
1760.0          1.898308400000000162e+01
1780.0          1.906762099999999904e+01
1800.0          1.894108599999999853e+01
1820.0          1.871222900000000067e+01
1840.0          1.853616900000000101e+01
1860.0          1.854123500000000035e+01
1880.0          1.856790900000000022e+01
1900.0          1.837947499999999934e+01
1920.0          1.821292499999999848e+01
1940.0          1.813569999999999993e+01
1960.0          1.791060799999999986e+01
1980.0          1.785417899999999847e+01
2000.0          1.734228500000000039e+01
2020.0          1.729742200000000096e+01
2040.0          1.712950700000000026e+01
2060.0          1.709462399999999960e+01
2080.0          1.686726200000000020e+01
2100.0          1.707786799999999872e+01
2120.0          1.680057299999999998e+01
2140.0          1.665277499999999833e+01
2160.0          1.671268299999999840e+01
2180.0          1.648075499999999849e+01
2200.0          1.649375200000000063e+01
2220.0          1.638807699999999912e+01
2240.0          1.638944400000000101e+01
2260.0          1.627966699999999989e+01
2280.0          1.617199700000000107e+01
2300.0          1.618425200000000075e+01
2320.0          1.613090100000000149e+01
2340.0          1.608712799999999987e+01
2360.0          1.601194599999999824e+01
2380.0          1.581524699999999939e+01
2400.0          1.576366100000000081e+01
2420.0          1.588638000000000083e+01
2440.0          1.577796900000000058e+01
2460.0          1.572085799999999978e+01
2480.0          1.563672799999999974e+01
2500.0          1.552011000000000074e+01
2520.0          1.553755199999999981e+01
2540.0          1.549104099999999917e+01
2560.0          1.538399899999999931e+01
2580.0          1.548762100000000075e+01
2600.0          1.535014199999999995e+01
2620.0          1.523455000000000048e+01
2640.0          1.518051600000000079e+01
2660.0          1.525233399999999939e+01
2680.0          1.526225099999999912e+01
2700.0          1.520377200000000073e+01
2720.0          1.513742500000000035e+01
2740.0          1.501807100000000084e+01
2760.0          1.489085200000000064e+01
2780.0          1.489290399999999970e+01
2800.0          1.469933900000000015e+01
2820.0          1.476636799999999994e+01
2840.0          1.461110599999999948e+01
2860.0          1.475097799999999992e+01
2880.0          1.467921300000000073e+01
2900.0          1.472703899999999955e+01
2920.0          1.454476000000000013e+01
