0.0             2.602395599999999831e+01
20.0            2.597094699999999889e+01
40.0            2.601335299999999862e+01
60.0            2.588544800000000023e+01
80.0            2.606602099999999922e+01
100.0           2.607593900000000176e+01
120.0           2.601472300000000004e+01
140.0           2.605234099999999842e+01
160.0           2.601779900000000012e+01
180.0           2.631430800000000048e+01
200.0           2.599283399999999844e+01
220.0           2.605405000000000015e+01
240.0           2.613681400000000110e+01
260.0           2.622915100000000166e+01
280.0           2.632388299999999859e+01
300.0           2.631088799999999850e+01
320.0           2.627976599999999863e+01
340.0           2.625514199999999931e+01
360.0           2.653249900000000139e+01
380.0           2.647846399999999889e+01
400.0           2.638578400000000101e+01
420.0           2.637142000000000053e+01
440.0           2.621000099999999833e+01
460.0           2.623051999999999850e+01
480.0           2.628147699999999887e+01
500.0           2.626173000000000002e+01
520.0           2.612176499999999990e+01
540.0           2.632192200000000071e+01
560.0           2.641074899999999914e+01
580.0           2.640801400000000143e+01
600.0           2.637244600000000005e+01
620.0           2.638861100000000093e+01
640.0           2.629071000000000069e+01
660.0           2.654797900000000155e+01
680.0           2.636090899999999948e+01
700.0           2.644332899999999853e+01
720.0           2.642237899999999939e+01
740.0           2.640288400000000024e+01
760.0           2.632490900000000167e+01
780.0           2.638988900000000015e+01
800.0           2.654720500000000172e+01
820.0           2.619153199999999870e+01
840.0           2.623257100000000008e+01
860.0           2.643366400000000027e+01
880.0           2.631157100000000071e+01
900.0           2.630131099999999833e+01
920.0           2.581807500000000033e+01
940.0           2.549078899999999948e+01
960.0           2.499524100000000004e+01
980.0           2.448430300000000059e+01
1000.0          2.424832899999999825e+01
1020.0          2.384340900000000119e+01
1040.0          2.354040300000000130e+01
1060.0          2.312453999999999965e+01
1080.0          2.283042500000000175e+01
1100.0          2.268678900000000098e+01
1120.0          2.248227699999999984e+01
1140.0          2.233008999999999844e+01
1160.0          2.208522200000000169e+01
1180.0          2.172852299999999914e+01
1200.0          2.173228599999999844e+01
1220.0          2.174493999999999971e+01
1240.0          2.144261699999999848e+01
1260.0          2.150349200000000138e+01
1280.0          2.164576100000000025e+01
1300.0          2.187900199999999984e+01
1320.0          2.172236799999999945e+01
1340.0          2.184206599999999909e+01
1360.0          2.194295299999999926e+01
1380.0          2.160916900000000140e+01
1400.0          2.175861899999999949e+01
1420.0          2.170082299999999975e+01
1440.0          2.176306500000000099e+01
1460.0          2.157018100000000160e+01
1480.0          2.154418899999999937e+01
1500.0          2.177571899999999872e+01
1520.0          2.197715399999999875e+01
1540.0          2.190465000000000018e+01
1560.0          2.193713999999999942e+01
1580.0          2.196997100000000103e+01
1600.0          2.202195400000000092e+01
1620.0          2.194124400000000108e+01
1640.0          2.179623799999999889e+01
1660.0          2.190465000000000018e+01
1680.0          2.197304899999999961e+01
1700.0          2.201579900000000123e+01
1720.0          2.211258099999999871e+01
1740.0          2.217516699999999830e+01
1760.0          2.214096800000000087e+01
1780.0          2.238446599999999975e+01
1800.0          2.232496099999999828e+01
1820.0          2.242592399999999841e+01
1840.0          2.245389199999999974e+01
1860.0          2.260163100000000114e+01
1880.0          2.263822599999999952e+01
1900.0          2.257571799999999840e+01
1920.0          2.281469299999999834e+01
1940.0          2.271961999999999904e+01
1960.0          2.332973499999999945e+01
1980.0          2.332734100000000055e+01
2000.0          2.361051199999999994e+01
2020.0          2.363992299999999958e+01
2040.0          2.366933399999999921e+01
2060.0          2.377645899999999912e+01
2080.0          2.407767300000000077e+01
2100.0          2.411571700000000007e+01
2120.0          2.442171899999999951e+01
2140.0          2.460818899999999942e+01
2160.0          2.494120600000000110e+01
2180.0          2.489948300000000003e+01
2200.0          2.485741799999999913e+01
2220.0          2.501550500000000099e+01
2240.0          2.520283099999999976e+01
2260.0          2.526370599999999911e+01
2280.0          2.517718100000000092e+01
2300.0          2.545590599999999881e+01
2320.0          2.563716099999999898e+01
2340.0          2.570487599999999873e+01
2360.0          2.592922400000000138e+01
2380.0          2.573189400000000049e+01
2400.0          2.570316700000000054e+01
2420.0          2.587587399999999960e+01
2440.0          2.571137399999999928e+01
2460.0          2.590400500000000150e+01
2480.0          2.595350499999999982e+01
2500.0          2.603190999999999988e+01
2520.0          2.614365400000000150e+01
2540.0          2.609791600000000145e+01
2560.0          2.616930199999999829e+01
2580.0          2.622710000000000008e+01
2600.0          2.632661999999999836e+01
2620.0          2.640639499999999984e+01
2640.0          2.640972299999999962e+01
2660.0          2.650249499999999969e+01
2680.0          2.631601699999999866e+01
2700.0          2.654079799999999878e+01
2720.0          2.664672499999999999e+01
2740.0          2.640151600000000087e+01
2760.0          2.645418400000000148e+01
2780.0          2.674154899999999913e+01
2800.0          2.697640600000000077e+01
2820.0          2.679147899999999893e+01
2840.0          2.681259199999999865e+01
2860.0          2.692417299999999969e+01
2880.0          2.688441100000000006e+01
2900.0          2.708388499999999866e+01
2920.0          2.730642900000000139e+01
