0.0      3.012843349999999987e+01
20.0     3.026008149999999830e+01
40.0     3.033701649999999717e+01
60.0     3.021733749999999930e+01
80.0     3.016433699999999973e+01
100.0    3.023956300000000041e+01
120.0    3.006859299999999990e+01
140.0    3.022246599999999717e+01
160.0    2.991301050000000217e+01
180.0    3.020024049999999960e+01
200.0    2.989249449999999797e+01
220.0    2.975400699999999787e+01
240.0    3.005662699999999887e+01
260.0    3.014724000000000359e+01
280.0    3.040711650000000077e+01
300.0    3.006527650000000307e+01
320.0    2.992155799999999743e+01
340.0    3.029940350000000038e+01
360.0    3.011646499999999804e+01
380.0    2.965484399999999710e+01
400.0    2.957971799999999973e+01
420.0    3.003268949999999649e+01
440.0    3.011646499999999804e+01
460.0    2.985146050000000173e+01
480.0    2.962919949999999858e+01
500.0    3.013356200000000129e+01
520.0    2.972494349999999841e+01
540.0    2.996601099999999818e+01
560.0    2.984804150000000078e+01
580.0    2.987368800000000135e+01
600.0    2.984633200000000386e+01
620.0    2.975229750000000095e+01
640.0    2.955910199999999932e+01
660.0    2.999678600000000017e+01
680.0    2.955920199999999909e+01
700.0    2.966168400000000105e+01
720.0    2.950791100000000000e+01
740.0    2.969245900000000304e+01
760.0    2.951977750000000356e+01
780.0    2.947361700000000084e+01
800.0    2.985659099999999810e+01
820.0    2.997284900000000007e+01
840.0    2.996601099999999818e+01
860.0    3.051151300000000077e+01
880.0    2.986000999999999905e+01
900.0    3.050798900000000202e+01
920.0    3.023956300000000041e+01
940.0    3.112177150000000125e+01
960.0    3.184497849999999985e+01
980.0    3.584910849999999982e+01
1000.0   4.032340999999999553e+01
1020.0   4.352226749999999811e+01
1040.0   4.577053049999999956e+01
1060.0   4.541149149999999679e+01
1080.0   4.533284649999999516e+01
1100.0   4.470025549999999726e+01
1120.0   4.328461650000000560e+01
1140.0   4.303842050000000086e+01
1160.0   4.198866350000000125e+01
1180.0   4.142104150000000118e+01
1200.0   4.086880200000000229e+01
1220.0   3.982773050000000126e+01
1240.0   3.911464699999999794e+01
1260.0   3.822743899999999684e+01
1280.0   3.716558200000000056e+01
1300.0   3.575678349999999739e+01
1320.0   3.445056900000000155e+01
1340.0   3.319233899999999693e+01
1360.0   3.191849449999999777e+01
1380.0   3.082428450000000097e+01
1400.0   2.932145099999999971e+01
1420.0   2.835546949999999811e+01
1440.0   2.671586050000000157e+01
1460.0   2.640640499999999946e+01
1480.0   2.554471250000000282e+01
1500.0   2.478218299999999985e+01
1520.0   2.446939249999999788e+01
1540.0   2.386749050000000238e+01
1560.0   2.320070499999999925e+01
1580.0   2.244680150000000296e+01
1600.0   2.170820700000000159e+01
1620.0   2.136277199999999965e+01
1640.0   2.060708299999999937e+01
1660.0   2.074905850000000029e+01
1680.0   2.051140999999999792e+01
1700.0   2.035917500000000047e+01
1720.0   2.007707350000000091e+01
1740.0   1.958809749999999994e+01
1760.0   1.939838650000000086e+01
1780.0   1.916409150000000139e+01
1800.0   1.894360400000000055e+01
1820.0   1.847849850000000060e+01
1840.0   1.839301349999999857e+01
1860.0   1.846482149999999933e+01
1880.0   1.819468750000000057e+01
1900.0   1.767322800000000171e+01
1920.0   1.770913099999999929e+01
1940.0   1.730222099999999941e+01
1960.0   1.719109049999999783e+01
1980.0   1.710560549999999935e+01
2000.0   1.574296949999999917e+01
2020.0   1.530528550000000010e+01
2040.0   1.532927399999999984e+01
2060.0   1.553267600000000037e+01
2080.0   1.524720800000000054e+01
2100.0   1.495821499999999915e+01
2120.0   1.466585500000000053e+01
2140.0   1.473087449999999876e+01
2160.0   1.486760000000000126e+01
2180.0   1.442307699999999926e+01
2200.0   1.449488500000000002e+01
2220.0   1.433417200000000058e+01
2240.0   1.387597099999999983e+01
2260.0   1.404010299999999845e+01
2280.0   1.391016500000000100e+01
2300.0   1.375800150000000066e+01
2320.0   1.373406549999999982e+01
2340.0   1.352377200000000101e+01
2360.0   1.365541949999999893e+01
2380.0   1.369816199999999995e+01
2400.0   1.371696850000000012e+01
2420.0   1.343144750000000087e+01
2440.0   1.305018300000000053e+01
2460.0   1.312199099999999952e+01
2480.0   1.315618500000000068e+01
2500.0   1.289118049999999904e+01
2520.0   1.306386100000000106e+01
2540.0   1.295956849999999960e+01
2560.0   1.257659450000000056e+01
2580.0   1.286040550000000060e+01
2600.0   1.249965800000000016e+01
2620.0   1.269118900000000139e+01
2640.0   1.253898149999999845e+01
2660.0   1.223294399999999982e+01
2680.0   1.265353200000000022e+01
2700.0   1.241588249999999860e+01
2720.0   1.221417900000000145e+01
2740.0   1.234065550000000044e+01
2760.0   1.219020150000000058e+01
2780.0   1.186706649999999996e+01
2800.0   1.222097650000000080e+01
2820.0   1.204145650000000067e+01
2840.0   1.209445850000000000e+01
2860.0   1.192006850000000107e+01
2880.0   1.218678249999999963e+01
2900.0   1.190468049999999955e+01
2920.0   1.192861699999999914e+01
