0.0       2.769589249999999936e+01
20.0      2.154132350000000073e+01
40.0      2.213961824999999806e+01
60.0      1.812206575000000086e+01
80.0      2.188317475000000201e+01
100.0     2.607183999999999813e+01
120.0     2.436212825000000137e+01
140.0     1.931880600000000214e+01
160.0     2.179769424999999927e+01
180.0     2.017362049999999840e+01
200.0     1.872037174999999820e+01
220.0     2.196873174999999989e+01
240.0     2.171228650000000115e+01
260.0     2.085747199999999779e+01
280.0     1.837851099999999960e+01
300.0     2.641367500000000135e+01
320.0     2.333635474999999815e+01
340.0     1.966073175000000006e+01
360.0     1.957518424999999951e+01
380.0     2.342183524999999733e+01
400.0     2.213961824999999806e+01
420.0     1.701074849999999827e+01
440.0     2.128487999999999758e+01
460.0     2.342191525000000141e+01
480.0     2.239613800000000055e+01
500.0     2.000265750000000153e+01
520.0     2.051547725000000000e+01
540.0     3.085880249999999947e+01
560.0     2.538798999999999850e+01
580.0     2.265250500000000144e+01
600.0     2.384932349999999701e+01
620.0     2.889272749999999945e+01
640.0     2.248162024999999886e+01
660.0     2.239613800000000055e+01
680.0     2.119939775000000282e+01
700.0     2.043006575000000069e+01
720.0     2.282354600000000033e+01
740.0     2.333635474999999815e+01
760.0     2.316547174999999825e+01
780.0     2.145584299999999800e+01
800.0     2.393472199999999717e+01
820.0     2.239613800000000055e+01
840.0     1.923325849999999804e+01
860.0     2.042999499999999813e+01
880.0     2.068643825000000191e+01
900.0     2.761050750000000065e+01
920.0     2.564434499999999773e+01
940.0     2.496058125000000061e+01
960.0     2.991850500000000324e+01
980.0     3.222650249999999517e+01
1000.0    3.615865000000000151e+01
1020.0    3.444890250000000265e+01
1040.0    3.530371499999999685e+01
1060.0    3.855213249999999903e+01
1080.0    3.068773249999999919e+01
1100.0    4.094561249999999575e+01
1120.0    4.376649749999999983e+01
1140.0    4.111657249999999664e+01
1160.0    4.479227499999999651e+01
1180.0    3.991983499999999907e+01
1200.0    4.299701749999999834e+01
1220.0    4.410827499999999901e+01
1240.0    4.017627999999999844e+01
1260.0    3.769718749999999829e+01
1280.0    4.111643500000000273e+01
1300.0    4.145835749999999820e+01
1320.0    5.239994500000000244e+01
1340.0    2.991850500000000324e+01
1360.0    3.060235750000000010e+01
1380.0    3.795376000000000261e+01
1400.0    2.837984000000000151e+01
1420.0    2.675560000000000116e+01
1440.0    2.949109750000000219e+01
1460.0    2.641367500000000135e+01
1480.0    2.478961825000000019e+01
1500.0    2.897821000000000069e+01
1520.0    2.812329750000000317e+01
1540.0    2.205421224999999907e+01
1560.0    2.137036074999999968e+01
1580.0    2.171221200000000096e+01
1600.0    1.991717700000000235e+01
1620.0    2.111384449999999902e+01
1640.0    2.307991125000000210e+01
1660.0    2.222509874999999724e+01
1680.0    2.119932500000000175e+01
1700.0    1.863489124999999902e+01
1720.0    1.837844774999999942e+01
1740.0    1.854941074999999984e+01
1760.0    1.906229749999999967e+01
1780.0    1.735273375000000229e+01
1800.0    1.786556099999999958e+01
1820.0    1.649786149999999907e+01
1840.0    1.897681500000000199e+01
1860.0    1.410438949999999991e+01
1880.0    1.658334400000000031e+01
1900.0    1.521569675000000110e+01
1920.0    1.589949425000000005e+01
1940.0    1.384799375000000055e+01
1960.0    1.478823925000000017e+01
1980.0    1.555756949999999961e+01
2000.0    1.513021525000000089e+01
2020.0    1.769465950000000021e+01
2040.0    1.196736099999999858e+01
2060.0    1.102706874999999975e+01
2080.0    1.307866075000000095e+01
2100.0    9.573921500000000862e+00
2120.0    1.119803075000000092e+01
2140.0    1.615593774999999965e+01
2160.0    1.205288350000000008e+01
2180.0    1.128351225000000113e+01
2200.0    1.333505949999999984e+01
2220.0    1.607045725000000047e+01
2240.0    9.488440000000000651e+00
2260.0    1.256572924999999863e+01
2280.0    1.162547625000000018e+01
2300.0    1.213836475000000092e+01
2320.0    1.094162475000000079e+01
2340.0    1.248029049999999884e+01
2360.0    1.436083399999999877e+01
2380.0    1.085610600000000048e+01
2400.0    1.367698425000000029e+01
2420.0    1.059966250000000088e+01
2440.0    1.034321925000000064e+01
2460.0    1.213832375000000141e+01
2480.0    1.230928574999999903e+01
2500.0    1.427540100000000045e+01
2520.0    1.248024775000000020e+01
2540.0    1.085610600000000048e+01
2560.0    1.102706874999999975e+01
2580.0    1.222380424999999882e+01
2600.0    1.248024775000000020e+01
2620.0    1.384794624999999968e+01
2640.0    9.061002249999999592e+00
2660.0    9.061002249999999592e+00
2680.0    8.291700000000000514e+00
2700.0    1.376251224999999856e+01
2720.0    1.179639900000000097e+01
2740.0    1.299317925000000074e+01
2760.0    9.402927000000000035e+00
2780.0    1.136899274999999854e+01
2800.0    9.830332249999999661e+00
2820.0    1.478828949999999942e+01
2840.0    1.410438949999999991e+01
2860.0    1.367698425000000029e+01
2880.0    1.008681024999999920e+01
2900.0    1.042870049999999971e+01
2920.0    1.102710599999999985e+01

