Z z1        4.0        4.1        4.2        4.3        4.4        4.5        4.6        4.7        4.8        4.9        5.0        5.1        5.2        5.3        5.4        5.5        5.6        5.7        5.8        5.9        6.0        6.1        6.2        6.3        6.4        6.5        6.6        6.7        6.8        6.9        7.0        7.1        7.2        7.3        7.4        7.5        7.6        7.7        7.8        7.9        8.0        8.1        8.2        8.3        8.4        8.5        8.6        8.7        8.8        8.9        9.0
26  0 -14.872413 -14.942504 -15.009532 -15.073294 -15.141802 -15.204923 -15.248731 -15.221892 -15.181019 -14.972826 -14.699357 -14.432126 -14.203502 -14.017411 -13.868466 -13.750781 -13.659075 -13.589340 -13.535894 -13.497064 -13.470042 -13.452432 -13.440991 -13.435794 -13.436326 -13.440189 -13.447401 -13.457334 -13.470498 -13.485711 -13.502596 -13.522570 -13.543990 -13.566223 -13.591028 -13.616733 -13.643087 -13.669965 -13.699277 -13.729056 -13.759190 -13.790590 -13.822462 -13.854530 -13.886766 -13.919400 -13.952071 -13.984781 -14.016908 -14.048678 -14.079957
26  1 -28.645376 -27.912746 -26.697060 -25.737258 -24.959535 -24.343058 -23.853434 -23.430174 -22.766641 -21.730465 -20.708348 -19.831793 -19.063872 -21.089565 -20.787633 -20.553289 -20.377098 -20.243408 -20.148634 -20.080202 -20.031743 -20.000743 -19.978907 -19.962074 -19.960575 -19.960133 -19.958503 -19.954466 -19.963014 -19.968799 -20.036194 -20.057911 -20.074976 -20.089566 -20.109695 -20.128438 -20.145520 -20.160628 -20.183356 -20.204591 -20.224832 -20.246500 -20.267654 -20.288296 -20.306542 -20.324453 -20.227528 -20.243463 -20.249472 -20.255315 -20.260996
26  2 -28.020575 -26.390955 -25.090995 -24.052271 -23.217016 -22.538276 -21.943020 -21.281396 -20.469613 -19.589439 -18.758762 -18.044446 -17.443104 -16.942828 -16.529973 -16.188178 -15.905016 -15.669980 -15.480097 -15.321726 -15.188509 -15.085162 -14.998078 -14.923823 -14.876450 -14.837526 -14.805158 -14.778156 -14.772348 -14.769834 -14.769912 -14.782391 -14.796508 -14.811917 -14.834741 -14.858469 -14.882837 -14.907780 -14.939432 -14.971409 -15.003656 -15.039495 -15.075494 -15.111613 -15.150013 -15.188536 -15.227048 -15.265585 -15.305236 -15.344867 -15.384448
26  3 -21.212448 -20.795182 -19.660831 -18.673316 -17.887476 -17.267698 -16.780837 -16.400129 -16.100994 -15.869937 -15.693185 -15.555450 -15.450910 -15.371509 -15.305904 -15.254594 -15.214559 -15.184383 -15.159147 -15.139198 -15.125177 -15.115945 -15.110966 -15.109350 -15.114595 -15.122359 -15.132070 -15.143274 -15.160898 -15.179492 -15.198768 -15.223859 -15.249061 -15.274253 -15.302807 -15.331491 -15.360217 -15.389020 -15.420417 -15.451753 -15.482893 -15.514611 -15.546255 -15.577757 -15.605871 -15.633810 -15.661722 -15.689311 -15.707595 -15.725719 -15.743627
26  4 -22.853379 -21.181029 -19.880292 -18.793098 -18.027252 -17.440359 -16.987343 -16.634171 -16.356806 -16.137387 -15.962682 -15.819505 -15.689574 -15.549741 -15.385534 -15.215592 -15.069470 -14.962936 -14.892182 -14.851565 -14.832273 -14.826154 -14.829746 -14.839942 -14.855745 -14.874637 -14.895593 -14.917975 -14.943640 -14.969961 -14.996679 -15.025801 -15.055117 -15.084439 -15.116049 -15.147759 -15.179471 -15.211120 -15.244014 -15.276862 -15.309645 -15.342090 -15.374464 -15.406777 -15.434958 -15.463006 -15.490983 -15.518798 -15.535975 -15.552976 -15.569795
26  5 -28.226082 -25.739768 -23.764253 -22.189315 -20.908305 -19.851450 -19.063450 -18.380156 -17.797093 -17.296921 -16.870135 -16.512108 -16.219467 -15.985942 -15.802280 -15.661274 -15.554687 -15.474840 -15.414478 -15.368609 -15.332650 -15.304789 -15.281495 -15.261181 -15.248220 -15.237416 -15.228070 -15.219765 -15.221485 -15.224448 -15.228332 -15.239840 -15.252202 -15.265152 -15.286250 -15.308032 -15.330287 -15.352898 -15.380130 -15.407611 -15.435281 -15.466615 -15.498139 -15.529712 -15.562184 -15.594744 -15.627234 -15.659747 -15.690120 -15.720135 -15.749801
26  6 -22.233347 -22.214588 -22.196861 -22.098447 -21.656395 -20.837444 -19.952736 -19.168600 -18.501816 -17.902706 -17.361839 -16.879386 -16.467902 -16.130624 -15.860625 -15.649552 -15.487344 -15.364510 -15.270899 -15.201010 -15.148982 -15.109285 -15.079391 -15.056568 -15.040127 -15.028088 -15.019318 -15.012905 -15.013290 -15.015670 -15.019529 -15.030539 -15.042850 -15.056126 -15.075997 -15.096766 -15.118244 -15.140241 -15.166682 -15.193540 -15.220738 -15.250461 -15.280470 -15.310585 -15.340753 -15.371046 -15.401395 -15.431609 -15.457172 -15.482510 -15.507509
26  7 -20.275056 -20.309071 -20.361999 -20.430552 -20.512156 -20.604636 -20.695682 -20.438536 -19.327822 -18.320932 -17.485792 -16.826803 -16.308340 -15.901802 -15.580942 -15.331412 -15.139078 -14.992539 -14.878460 -14.793459 -14.731335 -14.683917 -14.650369 -14.627489 -14.611377 -14.601735 -14.597019 -14.596022 -14.599762 -14.606037 -14.614251 -14.627166 -14.641461 -14.656817 -14.677073 -14.698164 -14.719847 -14.742012 -14.767664 -14.793643 -14.819876 -14.847386 -14.875076 -14.902875 -14.929148 -14.955397 -14.981622 -15.007705 -15.025629 -15.043307 -15.060696
26  8 -24.077007 -24.079048 -24.097236 -24.128470 -24.169236 -24.040000 -22.590515 -20.994898 -20.239582 -19.095916 -18.171737 -17.377234 -16.721854 -16.195065 -15.775263 -15.443399 -15.182588 -14.978918 -14.820690 -14.698595 -14.604461 -14.531597 -14.475099 -14.431232 -14.397533 -14.371848 -14.352833 -14.339497 -14.332068 -14.328992 -14.329730 -14.335033 -14.343382 -14.354428 -14.369172 -14.386098 -14.404970 -14.425578 -14.448712 -14.473250 -14.499041 -14.526385 -14.554744 -14.584027 -14.614411 -14.645569 -14.677426 -14.709910 -14.742406 -14.775403 -14.808848
26  9 -25.031135 -25.046629 -25.076118 -25.116495 -25.161106 -24.835413 -23.386321 -22.081900 -20.868544 -19.771043 -18.826992 -17.986164 -17.328904 -16.799282 -16.380415 -16.051173 -15.793512 -15.592742 -15.437320 -15.318153 -15.227873 -15.160418 -15.110797 -15.075592 -15.052128 -15.037195 -15.027901 -15.022766 -15.022833 -15.026918 -15.034799 -15.048317 -15.064811 -15.083637 -15.106226 -15.129917 -15.154855 -15.179986 -15.208290 -15.237329 -15.266392 -15.296730 -15.327196 -15.357767 -15.389806 -15.421529 -15.450365 -15.478988 -15.507473 -15.535522 -15.563127
26 10 -28.329475 -28.258056 -25.965611 -23.675652 -21.867549 -20.443780 -19.172372 -18.296902 -17.612398 -17.074152 -16.642656 -16.285665 -15.980209 -15.715365 -15.487265 -15.295509 -15.138940 -15.014658 -14.918407 -14.845278 -14.790898 -14.751848 -14.725958 -14.711227 -14.706107 -14.709434 -14.720026 -14.736417 -14.757650 -14.782440 -14.809920 -14.839946 -14.870843 -14.901772 -14.933889 -14.965659 -14.996857 -15.027397 -15.059560 -15.091332 -15.122683 -15.155177 -15.187458 -15.219537 -15.252574 -15.285525 -15.318427 -15.351150 -15.383529 -15.415732 -15.447815
26 11 -26.911073 -26.898381 -25.655758 -23.399921 -21.595103 -20.169704 -19.298905 -18.412004 -17.715009 -17.167907 -16.738104 -16.397150 -16.122599 -15.897853 -15.710867 -15.553982 -15.422224 -15.312359 -15.221855 -15.148938 -15.092326 -15.050781 -15.022793 -15.006762 -15.001120 -15.003638 -15.012687 -15.026968 -15.046012 -15.067554 -15.090667 -15.116441 -15.142808 -15.169394 -15.198302 -15.227189 -15.255887 -15.284403 -15.314721 -15.344806 -15.374729 -15.404847 -15.434863 -15.464804 -15.492976 -15.521092 -15.549132 -15.577035 -15.598011 -15.618748 -15.639216
26 12 -25.014092 -25.025323 -24.863504 -23.080335 -21.301116 -20.074658 -18.908142 -17.908991 -17.168413 -16.589446 -16.144625 -15.809960 -15.565293 -15.392343 -15.275066 -15.199481 -15.154171 -15.131181 -15.124545 -15.128012 -15.137204 -15.149126 -15.161656 -15.173817 -15.185293 -15.197334 -15.211292 -15.228345 -15.248901 -15.272327 -15.297338 -15.323787 -15.350484 -15.377070 -15.405232 -15.433614 -15.462099 -15.490494 -15.520946 -15.551393 -15.581745 -15.613260 -15.644760 -15.676100 -15.707513 -15.738860 -15.770094 -15.801108 -15.828668 -15.855738 -15.882327
26 13 -24.254652 -24.331337 -24.376377 -23.309976 -21.543587 -20.178580 -19.056195 -18.191261 -17.493380 -16.947263 -16.522705 -16.195411 -15.945903 -15.758574 -15.620488 -15.521911 -15.454072 -15.409717 -15.382166 -15.365719 -15.356825 -15.353839 -15.356371 -15.364326 -15.377349 -15.395063 -15.416160 -15.438451 -15.460022 -15.480080 -15.498479 -15.515539 -15.531174 -15.545619 -15.560584 -15.575005 -15.589031 -15.602784 -15.618777 -15.634726 -15.650815 -15.668242 -15.685817 -15.703545 -15.720604 -15.737682 -15.754908 -15.771979 -15.781995 -15.791825 -15.801479
26 14 -25.617349 -25.605080 -24.945545 -22.786633 -20.941993 -19.291602 -18.137989 -17.222663 -16.505366 -15.945525 -15.510769 -15.175257 -14.918403 -14.723947 -14.579092 -14.473329 -14.398129 -14.346346 -14.311984 -14.290130 -14.277218 -14.270968 -14.270104 -14.273893 -14.281725 -14.293267 -14.308120 -14.325898 -14.346225 -14.368809 -14.393341 -14.419767 -14.447622 -14.476661 -14.507143 -14.538518 -14.570614 -14.603304 -14.637084 -14.671361 -14.706043 -14.741345 -14.776982 -14.812902 -14.848865 -14.885069 -14.921474 -14.958024 -14.992894 -15.027774 -15.062623
26 15 -25.056780 -25.069388 -24.928333 -23.524487 -22.038103 -20.856760 -19.924957 -19.183693 -18.584511 -18.098701 -17.675101 -17.293965 -16.952879 -16.659156 -16.416986 -16.223327 -16.075727 -15.965177 -15.885107 -15.829498 -15.793049 -15.770319 -15.755028 -15.738968 -15.713605 -15.673690 -15.620303 -15.559479 -15.497822 -15.440446 -15.389970 -15.347725 -15.313215 -15.285224 -15.266570 -15.252879 -15.243197 -15.236768 -15.238648 -15.242711 -15.248507 -15.259531 -15.271619 -15.284527 -15.300770 -15.317433 -15.334346 -15.351382 -15.364324 -15.376943 -15.389184
26 16 -25.365693 -25.356035 -24.464452 -22.080535 -20.128829 -18.383204 -17.131910 -16.128743 -16.036844 -15.481050 -15.049274 -14.715887 -14.460346 -14.266482 -14.121418 -14.014992 -13.939197 -13.887744 -13.852517 -13.832352 -13.824383 -13.826119 -13.831800 -13.843505 -13.860352 -13.878563 -13.899982 -13.924272 -13.948633 -13.974728 -14.002462 -14.031553 -14.061346 -14.091998 -14.123356 -14.155733 -14.188590 -14.221784 -14.256549 -14.291650 -14.326896 -14.362247 -14.398614 -14.435107 -14.471620 -14.509224 -14.546935 -14.584646 -14.629050 -14.672873 -14.715655
26 17 -15.673021 -15.736334 -15.801161 -15.866090 -15.931001 -15.997585 -16.064292 -16.130968 -16.199880 -16.268968 -16.337992 -16.406956 -16.478915 -16.550990 -16.622942 -16.698013 -16.773014 -16.835913 -16.907237 -16.966921 -16.987810 -16.896651 -16.807933 -16.670507 -16.491205 -16.399688 -16.314755 -16.235876 -16.219830 -16.214274 -16.216122 -16.225500 -16.258452 -16.295852 -16.334942 -16.380159 -16.425852 -16.471737 -16.518993 -16.566004 -16.611787 -16.671293 -16.726860 -16.778039 -16.828158 -16.875588 -16.920717 -16.964477 -17.008378 -17.051059 -17.092696
26 18 -16.291975 -16.348785 -16.407222 -16.468670 -16.530176 -16.592112 -16.654720 -16.716514 -16.779255 -16.843303 -16.905042 -16.962831 -17.019702 -17.079570 -17.135994 -17.186741 -17.229506 -17.235940 -17.262163 -17.282328 -17.286924 -17.269968 -17.228212 -17.156774 -17.059822 -16.968100 -16.903625 -16.839740 -16.798953 -16.787137 -16.780708 -16.781491 -16.794737 -16.816062 -16.840843 -16.868531 -16.897088 -16.925497 -16.954956 -16.985807 -17.015860 -17.081614 -17.136724 -17.182245 -17.222524 -17.257753 -17.288816 -17.319193 -17.349370 -17.380184 -17.411069
26 19 -16.715641 -16.771368 -16.825148 -16.883831 -16.943142 -17.001919 -17.064428 -17.126870 -17.189223 -17.251471 -17.310779 -17.365021 -17.412189 -17.458594 -17.498475 -17.526427 -17.540181 -17.538604 -17.461989 -17.438899 -17.413182 -17.385999 -17.352216 -17.280892 -17.173611 -17.041914 -16.914803 -16.798680 -16.700640 -16.627862 -16.571204 -16.528918 -16.497262 -16.474587 -16.460868 -16.451929 -16.446584 -16.443567 -16.448447 -16.455693 -16.464533 -16.485690 -16.506167 -16.526652 -16.552622 -16.579356 -16.606604 -16.634494 -16.666314 -16.698511 -16.731342
26 20 -16.139749 -16.162042 -16.176983 -16.192566 -16.214287 -16.227289 -16.233381 -16.226208 -16.189076 -16.136550 -16.083789 -16.036688 -16.002879 -15.983786 -15.964883 -15.946935 -15.935451 -15.937222 -15.941063 -15.949932 -15.960769 -15.973976 -15.985858 -15.999534 -16.011094 -16.022747 -16.034666 -16.051548 -16.052646 -16.060086 -16.064175 -16.059764 -16.155404 -16.178807 -16.202682 -16.226188 -16.249951 -16.273313 -16.297270 -16.321611 -16.346284 -16.378265 -16.408565 -16.437541 -16.467595 -16.497407 -16.526814 -16.556103 -16.586090 -16.617153 -16.649425
26 21 -15.585531 -15.614194 -15.640709 -15.664630 -15.712611 -15.760019 -15.806568 -15.877755 -15.947987 -16.014268 -16.089092 -16.138194 -16.137383 -16.064280 -15.926824 -15.755595 -15.586692 -15.442209 -15.325846 -15.237077 -15.168977 -15.122561 -15.094098 -15.080058 -15.073099 -15.074816 -15.082958 -15.093016 -15.106379 -15.122482 -15.139413 -15.158181 -15.178815 -15.201227 -15.223508 -15.247173 -15.272079 -15.298722 -15.326283 -15.354922 -15.385645 -15.421055 -15.455606 -15.489515 -15.524599 -15.559438 -15.594112 -15.629959 -15.665771 -15.701549 -15.738650
26 22 -15.183329 -15.281896 -15.379993 -15.477580 -15.579256 -15.683509 -15.786521 -15.883242 -15.974193 -16.063180 -16.146961 -16.226259 -16.303437 -16.377723 -16.444062 -16.502192 -16.553898 -16.602171 -16.646419 -16.671707 -16.707649 -16.741129 -16.772809 -16.803803 -16.830131 -16.852338 -16.874929 -16.901609 -16.931307 -16.960695 -16.996568 -17.036011 -17.073342 -17.108819 -17.145582 -17.180857 -17.213703 -17.245260 -17.277010 -17.307239 -17.336974 -17.369461 -17.402614 -17.432832 -17.464219 -17.497021 -17.528267 -17.560219 -17.594009 -17.627624 -17.661168
26 23 -16.736634 -16.780413 -16.823902 -16.865587 -16.906878 -16.949512 -16.990118 -17.027795 -17.059288 -17.088657 -17.115319 -17.155373 -17.167947 -17.115298 -16.974977 -16.784418 -16.591684 -16.426831 -16.296266 -16.192480 -16.122014 -16.072328 -16.040345 -16.023344 -16.018269 -16.019747 -16.027617 -16.040912 -16.056193 -16.074048 -16.094469 -16.115032 -16.136800 -16.160342 -16.185435 -16.211724 -16.239133 -16.267656 -16.297958 -16.329329 -16.361276 -16.395130 -16.429632 -16.464308 -16.499148 -16.535399 -16.572114 -16.608920 -16.646726 -16.684884 -16.723074
26 24 -17.033653 -17.073586 -17.104599 -17.110787 -17.081287 -17.085177 -17.102619 -17.114922 -17.149819 -17.191666 -17.231758 -17.279072 -17.325020 -17.364704 -17.398621 -17.437969 -17.473106 -17.501927 -17.538080 -17.574291 -17.486689 -17.511240 -17.536073 -17.562203 -17.589760 -17.616085 -17.642076 -17.667577 -17.693374 -17.716087 -17.738121 -17.760799 -17.783067 -17.805918 -17.829733 -17.856287 -17.883948 -17.913523 -17.944782 -17.978054 -18.012408 -18.054213 -18.095646 -18.136433 -18.176803 -18.216296 -18.259258 -18.298239 -18.331834 -18.371862 -18.412060
26 25 -16.611977 -16.674143 -16.737190 -16.800217 -16.863240 -16.927122 -16.992367 -17.057891 -17.124035 -17.191760 -17.259479 -17.328679 -17.400727 -17.472433 -17.543718 -17.617973 -17.695950 -17.773750 -17.854674 -17.940138 -17.745290 -17.787777 -17.830926 -17.872450 -17.912601 -17.954695 -17.995063 -18.036547 -18.071782 -18.111577 -18.135842 -18.166291 -18.196247 -18.225450 -18.253497 -18.281552 -18.309881 -18.337068 -18.364334 -18.392271 -18.421175 -18.451036 -18.481132 -18.511610 -18.542687 -18.575034 -18.608700 -18.642913 -18.677589 -18.712687 -18.749689
26 26 -18.027483 -18.092373 -18.159261 -18.224877 -18.292253 -18.359826 -18.427290 -18.496299 -18.560227 -18.630567 -18.704397 -18.777333 -18.846849 -18.913199 -18.982988 -19.047577 -19.108935 -19.169440 -19.217953 -19.292045 -18.015057 -18.014340 -18.018991 -18.028180 -18.041212 -18.057238 -18.075787 -18.094804 -18.114529 -18.135596 -18.157602 -18.178229 -18.199705 -18.222329 -18.245539 -18.269216 -18.293954 -18.318311 -18.343218 -18.368928 -18.395529 -18.423869 -18.452569 -18.481984 -18.512093 -18.542952 -18.576115 -18.609853 -18.644132 -18.678900 -18.715648
