Z z1        4.0        4.1        4.2        4.3        4.4        4.5        4.6        4.7        4.8        4.9        5.0        5.1        5.2        5.3        5.4        5.5        5.6        5.7        5.8        5.9        6.0        6.1        6.2        6.3        6.4        6.5        6.6        6.7        6.8        6.9        7.0        7.1        7.2        7.3        7.4        7.5        7.6        7.7        7.8        7.9        8.0        8.1        8.2        8.3        8.4        8.5        8.6        8.7        8.8        8.9        9.0
26  0 -14.814587 -14.867184 -14.913933 -14.949795 -14.982075 -15.012133 -15.026237 -15.015295 -14.963476 -14.789447 -14.344428 -13.765626 -13.245708 -12.824692 -12.492274 -12.233326 -12.033069 -11.879303 -11.760927 -11.671349 -11.604418 -11.554656 -11.519426 -11.495829 -11.480776 -11.472384 -11.469152 -11.470367 -11.475810 -11.484800 -11.496920 -11.512406 -11.530267 -11.550073 -11.572214 -11.595695 -11.620341 -11.645942 -11.673016 -11.700869 -11.729388 -11.758661 -11.788497 -11.818862 -11.848975 -11.879468 -11.910088 -11.941005 -11.969388 -11.997815 -12.026249
26  1 -28.245312 -27.512762 -26.297075 -25.337273 -24.559550 -23.943062 -23.453177 -23.025748 -22.342090 -21.294446 -20.272634 -19.397985 -18.630722 -19.953303 -19.603433 -19.332301 -19.121407 -18.962479 -18.842331 -18.753576 -18.689551 -18.646482 -18.618163 -18.600983 -18.600098 -18.606121 -18.617123 -18.631925 -18.657447 -18.684653 -18.721398 -18.763980 -18.802498 -18.840030 -18.879713 -18.918686 -18.956340 -18.991627 -19.033803 -19.074022 -19.113273 -19.151122 -19.188328 -19.224858 -19.255730 -19.286083 -19.285802 -19.313850 -19.330015 -19.345795 -19.361159
26  2 -27.596899 -25.964271 -24.660119 -23.616339 -22.775944 -22.093560 -21.499834 -20.846231 -20.037341 -19.154742 -18.321355 -17.609533 -17.011068 -16.513180 -16.102928 -15.764251 -15.484357 -15.252482 -15.065533 -14.909798 -14.778769 -14.677613 -14.592447 -14.519964 -14.474151 -14.436595 -14.405429 -14.379492 -14.374685 -14.373069 -14.373974 -14.387276 -14.402167 -14.418309 -14.441321 -14.465186 -14.489670 -14.514705 -14.546646 -14.578901 -14.611398 -14.647270 -14.683290 -14.719420 -14.757820 -14.796306 -14.834841 -14.873417 -14.913035 -14.952629 -14.992184
26  3 -20.788067 -20.386901 -19.262689 -18.273519 -17.485657 -16.864179 -16.376000 -15.994310 -15.694457 -15.462882 -15.285751 -15.147731 -15.043002 -14.963573 -14.898247 -14.847645 -14.808907 -14.780493 -14.757568 -14.740375 -14.729337 -14.723140 -14.721248 -14.722663 -14.730312 -14.740111 -14.751274 -14.763233 -14.779944 -14.795898 -14.810441 -14.829969 -14.848572 -14.866629 -14.887939 -14.908915 -14.930020 -14.950588 -14.976143 -15.001468 -15.026943 -15.054335 -15.081836 -15.109407 -15.134710 -15.160764 -15.185240 -15.211405 -15.230364 -15.249586 -15.269237
26  4 -22.426761 -20.754410 -19.453684 -18.362827 -17.596952 -17.010058 -16.557121 -16.204366 -15.928121 -15.710834 -15.539386 -15.400206 -15.274610 -15.139004 -14.978114 -14.810768 -14.666569 -14.561298 -14.490719 -14.449784 -14.429664 -14.422177 -14.424147 -14.432173 -14.445897 -14.461909 -14.479507 -14.497348 -14.517900 -14.538431 -14.558318 -14.579757 -14.600782 -14.621378 -14.645303 -14.668487 -14.691798 -14.714984 -14.741728 -14.768146 -14.794525 -14.822409 -14.850351 -14.878286 -14.904990 -14.931524 -14.958197 -14.984899 -15.004918 -15.024071 -15.044025
26  5 -27.843860 -25.360047 -23.389902 -21.827681 -20.572476 -19.562324 -18.781480 -18.142837 -17.594816 -17.098985 -16.647486 -16.251266 -15.917150 -15.645044 -15.427061 -15.255604 -15.122386 -15.019560 -14.938416 -14.873396 -14.821887 -14.781868 -14.748998 -14.719987 -14.698928 -14.680312 -14.663029 -14.646481 -14.637464 -14.628001 -14.618487 -14.615810 -14.614757 -14.612133 -14.618745 -14.626164 -14.634322 -14.642723 -14.658600 -14.675041 -14.692379 -14.714384 -14.737268 -14.760105 -14.785854 -14.811330 -14.836683 -14.862689 -14.887384 -14.911765 -14.936096
26  6 -20.360942 -20.401813 -20.463392 -20.541632 -20.631755 -20.691997 -20.199017 -18.927014 -17.412940 -16.255240 -15.361131 -14.654419 -14.100784 -13.668881 -13.326389 -13.060688 -12.856052 -12.699837 -12.574288 -12.479296 -12.408568 -12.352067 -12.310844 -12.281736 -12.259905 -12.245682 -12.237507 -12.234125 -12.235328 -12.239543 -12.246160 -12.257176 -12.269702 -12.283426 -12.301391 -12.320160 -12.339532 -12.359404 -12.382046 -12.404997 -12.428195 -12.451827 -12.475616 -12.499532 -12.520033 -12.540578 -12.561184 -12.581719 -12.591260 -12.600820 -12.610400
26  7 -24.347220 -24.368508 -24.405512 -24.454306 -24.470177 -23.444824 -21.620736 -19.936759 -18.512038 -17.387244 -16.526458 -15.801643 -15.235401 -14.793577 -14.446765 -14.178855 -13.973753 -13.818568 -13.697710 -13.608336 -13.543885 -13.494489 -13.460445 -13.438466 -13.422262 -13.413190 -13.409564 -13.409910 -13.412468 -13.417327 -13.423883 -13.433158 -13.443635 -13.455054 -13.470245 -13.486327 -13.502969 -13.520164 -13.540949 -13.562211 -13.583784 -13.607064 -13.630701 -13.654565 -13.676655 -13.698966 -13.721374 -13.743756 -13.758082 -13.772238 -13.786307
26  8 -25.054364 -25.034117 -25.020750 -24.999915 -24.697308 -23.009881 -21.343508 -19.908728 -18.749888 -17.814138 -17.000656 -16.332898 -15.794786 -15.362665 -15.011564 -14.723333 -14.485129 -14.288100 -14.124284 -13.988134 -13.874138 -13.777676 -13.695527 -13.624504 -13.565970 -13.515743 -13.472441 -13.434969 -13.410169 -13.390327 -13.374667 -13.369871 -13.368266 -13.369305 -13.379812 -13.392294 -13.406217 -13.421458 -13.443112 -13.465564 -13.488691 -13.515272 -13.542248 -13.569536 -13.599522 -13.629747 -13.660010 -13.690249 -13.718891 -13.747148 -13.775104
26  9 -26.485783 -26.515424 -26.561624 -26.602233 -25.097585 -22.452538 -20.182001 -18.355246 -16.656234 -15.513616 -14.614862 -13.909654 -13.357830 -12.927268 -12.592328 -12.332660 -12.132172 -11.978161 -11.860629 -11.771699 -11.705230 -11.656689 -11.622649 -11.600234 -11.586633 -11.579523 -11.577390 -11.579662 -11.586011 -11.596076 -11.609509 -11.626007 -11.645167 -11.666557 -11.689734 -11.714459 -11.740570 -11.767826 -11.796122 -11.825377 -11.855471 -11.886356 -11.917966 -11.950281 -11.983262 -12.016825 -12.050635 -12.084977 -12.119804 -12.155089 -12.190799
26 10 -26.332713 -26.388593 -26.439273 -25.711496 -23.951422 -22.294056 -20.392528 -18.653212 -17.937886 -16.834775 -15.966553 -15.288331 -14.755622 -14.340744 -14.018984 -13.771149 -13.582450 -13.440938 -13.337028 -13.262047 -13.208406 -13.170590 -13.146033 -13.132893 -13.129488 -13.134457 -13.146650 -13.165176 -13.189151 -13.217720 -13.250245 -13.286014 -13.323285 -13.360924 -13.398462 -13.435269 -13.471173 -13.506107 -13.540433 -13.573872 -13.606639 -13.638962 -13.670867 -13.702570 -13.733796 -13.764858 -13.795916 -13.827037 -13.857079 -13.887082 -13.917256
26 11 -31.593032 -30.121239 -27.906191 -25.670820 -23.872207 -22.420765 -21.204163 -19.951816 -18.688892 -17.676417 -16.851593 -16.197171 -15.680965 -15.273518 -14.950022 -14.695869 -14.495167 -14.337629 -14.214344 -14.119716 -14.048779 -13.996719 -13.960917 -13.938521 -13.925942 -13.921223 -13.923469 -13.930778 -13.941826 -13.956179 -13.973151 -13.992880 -14.014383 -14.037308 -14.062839 -14.089381 -14.117025 -14.145297 -14.175112 -14.205422 -14.236306 -14.267877 -14.300011 -14.332244 -14.363471 -14.394651 -14.426072 -14.457497 -14.484521 -14.511214 -14.537815
26 12 -23.488754 -23.500090 -23.519872 -23.531287 -23.090656 -21.898759 -20.758182 -19.756047 -18.846261 -18.022430 -17.325149 -16.754980 -16.304402 -15.946866 -15.664561 -15.441755 -15.265582 -15.129967 -15.019194 -14.931325 -14.860253 -14.803536 -14.760315 -14.729325 -14.708102 -14.696009 -14.691928 -14.693641 -14.699885 -14.710343 -14.723661 -14.740491 -14.759206 -14.780632 -14.804728 -14.831070 -14.858212 -14.886165 -14.916210 -14.946614 -14.977986 -15.009565 -15.041274 -15.073855 -15.105205 -15.136281 -15.167903 -15.199489 -15.226010 -15.253735 -15.280241
26 13 -22.555484 -22.630072 -22.700324 -22.754240 -22.540536 -21.610937 -20.571228 -19.630492 -18.781330 -18.032491 -17.398628 -16.879103 -16.462976 -16.134471 -15.869546 -15.665544 -15.505846 -15.380795 -15.280740 -15.203817 -15.144157 -15.102190 -15.075511 -15.063165 -15.066449 -15.081551 -15.105894 -15.135871 -15.172076 -15.210248 -15.247917 -15.285873 -15.323763 -15.359130 -15.394751 -15.428294 -15.460125 -15.489757 -15.520350 -15.551470 -15.581890 -15.612394 -15.646737 -15.676903 -15.705338 -15.733841 -15.762524 -15.791206 -15.814361 -15.837622 -15.864483
26 14 -23.911135 -23.903461 -23.891680 -23.346173 -22.028097 -20.904844 -19.974002 -19.174696 -18.471874 -17.852037 -17.319657 -16.875887 -16.514022 -16.223218 -15.984152 -15.796106 -15.651795 -15.540253 -15.456583 -15.396532 -15.355334 -15.327298 -15.310654 -15.303064 -15.302663 -15.308175 -15.318628 -15.333277 -15.351408 -15.370579 -15.394157 -15.419693 -15.447223 -15.476202 -15.506696 -15.537747 -15.569253 -15.602417 -15.636530 -15.671169 -15.706236 -15.741830 -15.777757 -15.813964 -15.850028 -15.886277 -15.922672 -15.959162 -15.993976 -16.028698 -16.063277
26 15 -23.443946 -23.457614 -23.475376 -23.228214 -22.072804 -20.864733 -19.837170 -18.962498 -18.225176 -17.619601 -17.133339 -16.749068 -16.448803 -16.216263 -16.037734 -15.899315 -15.797509 -15.721820 -15.666929 -15.626537 -15.593330 -15.566731 -15.544095 -15.527895 -15.519278 -15.518801 -15.526390 -15.541350 -15.562492 -15.588943 -15.618593 -15.651075 -15.686193 -15.718524 -15.754347 -15.790653 -15.827054 -15.863574 -15.900391 -15.937268 -15.974245 -16.011522 -16.044346 -16.080388 -16.119419 -16.158407 -16.197363 -16.230943 -16.269689 -16.308458 -16.347288
26 16 -23.935090 -23.928834 -23.935085 -23.873055 -22.727587 -21.210314 -19.981866 -18.994355 -18.910198 -18.364194 -17.938880 -17.607962 -17.349034 -17.145143 -16.983262 -16.853786 -16.720950 -16.639343 -16.574723 -16.528914 -16.495038 -16.473637 -16.460151 -16.454680 -16.456237 -16.462232 -16.473275 -16.488746 -16.506643 -16.527583 -16.550370 -16.576285 -16.603024 -16.631292 -16.660657 -16.690911 -16.721842 -16.753211 -16.786129 -16.819326 -16.852325 -16.885308 -16.919784 -16.954338 -16.988779 -17.024495 -17.060407 -17.096072 -17.154678 -17.210914 -17.262706
26 17 -17.540127 -17.603748 -17.668945 -17.734248 -17.799535 -17.866620 -17.933839 -18.001028 -18.050790 -18.120978 -18.188821 -18.258124 -18.328359 -18.400769 -18.473052 -18.548241 -18.623400 -17.689416 -17.615715 -17.563187 -17.519092 -17.487843 -17.470023 -17.443490 -17.405009 -17.360603 -17.312327 -17.264573 -17.229701 -17.203477 -17.184817 -17.176334 -17.178558 -17.184533 -17.200081 -17.219792 -17.239996 -17.267420 -17.297693 -17.329397 -17.361696 -17.399488 -17.437416 -17.475202 -17.513853 -17.552440 -17.591064 -17.630595 -17.670512 -17.710648 -17.750933
26 18 -17.690228 -17.747894 -17.807023 -17.868818 -17.930715 -17.991852 -18.053888 -18.114993 -18.176251 -18.237568 -18.295465 -18.348874 -18.401296 -18.457274 -18.509841 -18.557976 -18.599901 -17.637198 -17.560759 -17.511901 -17.466586 -17.439342 -17.423582 -17.413426 -17.405328 -17.393879 -17.386438 -17.378442 -17.374822 -17.376752 -17.376787 -17.383410 -17.401279 -17.418290 -17.435790 -17.452711 -17.468471 -17.482919 -17.494685 -17.503065 -17.506269 -17.512227 -17.515701 -17.517775 -17.524389 -17.531277 -17.538774 -17.547400 -17.562875 -17.579615 -17.597183
26 19 -17.835257 -17.893631 -17.950659 -18.010298 -18.069852 -18.128942 -18.190504 -18.251472 -18.310943 -18.365601 -18.418286 -18.462574 -18.498056 -18.532519 -18.561811 -18.585641 -18.611658 -18.636609 -17.516009 -17.466069 -17.420800 -17.394356 -17.378909 -17.364568 -17.342470 -17.279079 -17.213260 -17.142448 -17.042814 -16.937238 -16.829550 -16.732276 -16.643368 -16.563192 -16.507052 -16.453242 -16.407214 -16.367889 -16.346740 -16.330478 -16.318036 -16.320871 -16.325669 -16.332288 -16.349216 -16.367545 -16.386989 -16.407314 -16.433771 -16.460730 -16.488112
26 20 -16.800981 -16.806704 -16.811851 -16.819316 -16.827115 -16.783239 -16.647426 -16.444174 -16.225594 -16.037528 -15.893930 -15.787844 -15.718780 -15.664019 -15.627763 -15.579462 -15.534670 -15.499474 -15.462519 -15.434180 -15.411869 -15.396840 -15.386321 -15.383605 -15.384368 -15.389367 -15.396794 -15.408710 -15.413983 -15.423464 -15.430661 -15.434396 -15.498218 -15.520716 -15.543837 -15.568309 -15.593868 -15.620656 -15.648250 -15.676390 -15.706205 -15.742001 -15.776465 -15.809971 -15.844831 -15.879320 -15.913545 -15.947589 -15.981876 -16.017176 -16.053485
26 21 -15.164004 -15.192171 -15.217870 -15.240433 -15.287897 -15.334798 -15.380762 -15.451807 -15.522522 -15.592085 -15.679487 -15.765322 -15.848350 -15.927456 -16.003845 -16.076153 -16.143739 -16.206774 -16.266468 -16.288942 -16.323387 -16.354426 -16.383134 -16.421812 -16.436294 -16.450284 -16.463069 -16.485257 -16.517455 -16.548970 -16.603984 -16.657350 -16.707422 -16.752856 -16.800428 -16.830212 -16.835210 -16.803989 -16.765214 -16.710359 -16.647826 -16.593130 -16.540654 -16.492184 -16.461089 -16.435285 -16.414029 -16.396624 -16.394731 -16.395667 -16.397952
26 22 -15.376294 -15.475691 -15.574647 -15.672682 -15.775603 -15.881639 -15.986443 -16.085443 -16.179131 -16.271173 -16.357473 -16.438743 -16.517769 -16.585816 -16.653644 -16.701998 -16.760103 -16.817933 -16.874929 -16.790496 -16.808789 -16.828904 -16.843738 -16.857319 -16.867008 -16.873086 -16.879573 -16.888329 -16.908117 -16.915500 -16.916381 -16.915404 -16.903805 -16.882817 -16.859745 -16.831643 -16.802462 -16.773325 -16.752318 -16.733538 -16.717577 -16.711194 -16.706756 -16.704343 -16.709479 -16.716657 -16.725289 -16.735132 -16.749595 -16.764754 -16.780289
26 23 -16.238087 -16.282019 -16.324954 -16.366917 -16.408607 -16.452195 -16.493571 -16.532134 -16.565962 -16.597438 -16.628441 -16.682334 -16.721290 -16.753598 -16.798037 -16.818738 -16.815831 -16.796764 -16.772495 -16.638631 -16.603621 -16.569105 -16.538407 -16.514361 -16.495439 -16.479063 -16.462382 -16.441593 -16.433877 -16.425912 -16.413628 -16.409874 -16.407423 -16.406357 -16.407857 -16.412452 -16.419306 -16.430691 -16.443470 -16.459776 -16.477256 -16.492085 -16.506857 -16.521941 -16.537236 -16.554522 -16.572845 -16.591777 -16.612620 -16.634569 -16.656859
26 24 -15.496876 -15.545176 -15.582163 -15.587494 -15.545309 -15.535607 -15.538504 -15.532866 -15.554960 -15.585092 -15.612029 -15.651967 -15.691200 -15.723758 -15.747668 -15.780542 -15.808873 -15.829954 -15.858914 -15.886534 -15.892507 -15.918588 -15.944849 -15.972056 -16.000608 -16.028578 -16.056815 -16.086240 -16.117111 -16.147959 -16.178680 -16.211324 -16.243721 -16.276313 -16.309132 -16.342249 -16.374928 -16.407671 -16.440973 -16.474825 -16.508591 -16.543247 -16.578982 -16.614756 -16.650569 -16.687273 -16.724585 -16.762545 -16.800973 -16.840105 -16.879419
26 25 -16.603250 -16.664676 -16.726730 -16.788706 -16.850604 -16.913256 -16.977022 -17.040683 -17.104971 -17.170239 -17.235348 -17.301372 -17.368847 -17.436086 -17.503087 -17.571464 -17.641880 -17.711945 -17.783420 -17.857126 -17.129755 -17.118437 -17.117365 -17.122627 -17.132391 -17.141377 -17.155736 -17.174223 -17.196094 -17.219961 -17.237630 -17.256480 -17.277638 -17.300580 -17.324255 -17.346544 -17.370693 -17.395807 -17.421943 -17.449101 -17.475069 -17.502463 -17.530817 -17.559909 -17.589661 -17.620626 -17.653153 -17.686348 -17.720159 -17.754540 -17.790761
26 26 -17.124634 -17.189940 -17.257665 -17.325749 -17.393678 -17.461779 -17.532989 -17.603382 -17.675051 -17.750196 -17.824873 -17.899147 -17.978565 -18.060823 -18.140607 -18.219648 -18.306931 -18.394057 -18.475556 -18.566558 -17.156561 -17.134006 -17.124860 -17.124016 -17.128811 -17.133347 -17.144108 -17.159739 -17.179190 -17.200860 -17.217472 -17.234655 -17.254352 -17.276340 -17.299594 -17.321385 -17.344817 -17.369401 -17.394924 -17.421257 -17.445927 -17.472642 -17.500317 -17.528857 -17.558151 -17.588149 -17.620314 -17.653214 -17.686781 -17.720954 -17.757009
