Z z1        4.0        4.1        4.2        4.3        4.4        4.5        4.6        4.7        4.8        4.9        5.0        5.1        5.2        5.3        5.4        5.5        5.6        5.7        5.8        5.9        6.0        6.1        6.2        6.3        6.4        6.5        6.6        6.7        6.8        6.9        7.0        7.1        7.2        7.3        7.4        7.5        7.6        7.7        7.8        7.9        8.0        8.1        8.2        8.3        8.4        8.5        8.6        8.7        8.8        8.9        9.0
26  0 -13.670247 -13.732068 -13.794211 -13.855968 -13.918025 -13.980147 -14.041081 -14.098347 -14.144322 -14.133472 -13.926657 -13.543973 -13.123047 -12.765615 -12.479954 -12.257767 -12.087286 -11.958303 -11.860673 -11.788333 -11.735406 -11.696803 -11.670695 -11.654956 -11.647401 -11.646674 -11.651144 -11.659562 -11.671466 -11.685782 -11.702050 -11.720794 -11.740945 -11.762336 -11.786025 -11.810729 -11.836325 -11.862708 -11.890750 -11.919444 -11.948692 -11.978613 -12.008996 -12.039761 -12.069632 -12.099758 -12.130092 -12.160545 -12.186704 -12.212722 -12.238566
26  1 -28.193222 -27.460614 -26.244927 -25.285125 -24.507401 -23.890864 -23.399305 -22.946216 -22.183072 -21.136980 -20.153592 -19.309961 -18.569060 -19.266271 -18.954411 -18.715330 -18.534178 -18.390593 -18.292268 -18.221262 -18.171719 -18.140950 -18.122413 -18.113009 -18.117972 -18.127764 -18.137801 -18.153114 -18.178575 -18.204714 -18.234239 -18.266521 -18.297769 -18.333140 -18.369217 -18.404563 -18.438930 -18.472191 -18.506715 -18.540471 -18.573654 -18.607514 -18.640637 -18.673062 -18.700295 -18.727045 -18.743928 -18.769430 -18.783120 -18.796542 -18.809700
26  2 -27.565622 -25.934137 -24.631478 -23.589569 -22.751220 -22.070359 -21.475552 -20.816201 -20.002595 -19.120945 -18.292759 -17.582975 -16.985727 -16.488933 -16.079505 -15.741451 -15.462047 -15.230574 -15.043961 -14.888508 -14.758005 -14.657083 -14.572110 -14.499773 -14.454035 -14.416478 -14.385220 -14.359088 -14.353961 -14.351897 -14.352266 -14.365020 -14.379239 -14.394621 -14.416820 -14.439870 -14.463523 -14.487694 -14.518909 -14.550429 -14.582179 -14.617408 -14.652783 -14.688263 -14.726109 -14.764039 -14.802032 -14.840064 -14.879397 -14.918545 -14.957665
26  3 -20.749240 -20.337151 -19.206233 -18.218489 -17.432343 -16.812449 -16.325679 -15.945230 -15.646457 -15.415819 -15.239509 -15.102240 -14.998256 -14.919618 -14.855139 -14.805364 -14.767249 -14.738920 -14.715185 -14.696493 -14.682435 -14.672186 -14.664360 -14.658227 -14.657373 -14.656100 -14.653984 -14.650158 -14.650276 -14.647768 -14.643523 -14.644627 -14.644619 -14.643759 -14.649429 -14.655760 -14.662461 -14.669565 -14.685159 -14.701295 -14.717984 -14.739243 -14.761116 -14.783124 -14.806739 -14.830483 -14.854230 -14.878066 -14.901342 -14.924247 -14.947014
26  4 -22.400105 -20.727743 -19.427046 -18.344256 -17.578530 -16.991883 -16.539287 -16.186933 -15.911096 -15.694166 -15.522990 -15.383997 -15.258457 -15.122647 -14.961180 -14.792721 -14.647248 -14.540187 -14.467059 -14.422603 -14.396994 -14.382714 -14.375134 -14.371358 -14.371773 -14.372740 -14.373550 -14.373630 -14.378105 -14.382262 -14.386124 -14.395293 -14.404685 -14.413904 -14.429332 -14.445218 -14.461286 -14.477419 -14.498976 -14.520829 -14.542915 -14.568350 -14.593990 -14.619808 -14.646648 -14.673377 -14.700241 -14.727063 -14.751076 -14.774793 -14.798223
26  5 -27.909243 -25.423900 -23.452146 -21.888318 -20.630583 -19.614550 -18.790665 -17.869815 -16.799731 -15.836279 -15.055147 -14.432639 -13.944075 -13.562909 -13.260092 -13.025247 -12.844471 -12.706572 -12.596413 -12.513249 -12.451500 -12.403661 -12.369268 -12.345535 -12.329564 -12.320279 -12.316298 -12.316533 -12.321646 -12.329413 -12.339288 -12.353390 -12.368825 -12.385316 -12.405841 -12.427070 -12.448832 -12.471040 -12.495734 -12.520694 -12.545871 -12.571208 -12.596684 -12.622267 -12.644264 -12.666280 -12.688353 -12.710345 -12.721269 -12.732191 -12.743108
26  6 -23.124006 -23.141225 -23.177507 -23.217034 -22.877266 -21.591836 -19.912053 -18.421605 -17.408927 -16.398695 -15.609799 -14.988707 -14.503736 -14.127223 -13.833329 -13.607982 -13.437120 -13.309469 -13.211842 -13.141278 -13.092125 -13.056531 -13.034183 -13.022259 -13.016094 -13.016238 -13.021285 -13.030109 -13.041186 -13.054522 -13.069574 -13.086869 -13.105227 -13.124392 -13.146153 -13.168495 -13.191284 -13.214443 -13.239518 -13.264878 -13.290469 -13.316587 -13.342881 -13.369327 -13.392413 -13.415556 -13.438763 -13.461959 -13.474973 -13.487957 -13.500923
26  7 -24.685539 -24.705554 -24.739742 -24.782582 -24.566150 -22.481209 -20.490610 -18.896864 -17.803557 -16.844443 -16.055441 -15.429171 -14.938201 -14.554291 -14.251202 -14.015282 -13.832976 -13.693596 -13.584187 -13.502624 -13.443331 -13.398268 -13.367275 -13.347165 -13.333313 -13.325890 -13.323264 -13.324041 -13.328106 -13.334271 -13.341905 -13.353065 -13.365282 -13.378339 -13.395444 -13.413283 -13.431665 -13.450491 -13.472847 -13.495569 -13.518620 -13.543399 -13.568430 -13.593645 -13.617388 -13.641283 -13.665221 -13.689107 -13.705493 -13.721732 -13.737799
26  8 -23.407215 -23.435508 -23.484292 -23.549941 -23.565333 -22.001229 -20.009920 -18.401676 -17.156706 -16.140455 -15.348979 -14.725499 -14.239577 -13.862952 -13.572395 -13.348439 -13.175738 -13.042961 -12.941590 -12.865176 -12.808671 -12.768020 -12.740255 -12.722910 -12.713927 -12.711711 -12.714980 -12.722707 -12.734376 -12.749024 -12.766105 -12.785844 -12.807331 -12.830297 -12.855307 -12.881503 -12.908720 -12.936829 -12.966432 -12.996779 -13.027772 -13.059594 -13.091960 -13.124793 -13.157695 -13.190999 -13.224655 -13.258588 -13.290853 -13.323236 -13.355697
26  9 -25.738428 -25.747265 -25.768890 -25.794120 -24.942616 -22.894465 -21.220042 -19.898044 -18.845469 -18.009924 -17.338746 -16.770144 -16.245483 -15.744727 -15.288437 -14.895619 -14.572282 -14.314031 -14.112474 -13.957986 -13.841702 -13.756131 -13.695115 -13.653508 -13.627245 -13.612461 -13.606200 -13.606006 -13.611103 -13.619838 -13.631314 -13.646211 -13.662848 -13.681037 -13.702056 -13.723905 -13.746939 -13.770027 -13.796212 -13.823273 -13.850295 -13.878826 -13.907449 -13.935899 -13.965471 -13.994531 -14.020754 -14.046549 -14.071466 -14.095631 -14.119165
26 10 -26.102825 -26.133369 -26.141180 -25.694025 -24.043704 -22.361855 -20.621149 -19.058180 -17.761044 -16.693230 -15.889838 -15.260829 -14.770097 -14.388474 -14.092660 -13.864577 -13.689465 -13.555872 -13.454583 -13.377666 -13.318954 -13.274747 -13.243569 -13.223902 -13.214022 -13.212501 -13.217854 -13.228811 -13.244762 -13.264381 -13.286807 -13.312381 -13.338925 -13.365598 -13.394231 -13.422696 -13.450793 -13.478458 -13.508239 -13.537797 -13.567162 -13.597610 -13.627972 -13.658269 -13.689207 -13.720080 -13.750929 -13.781724 -13.810565 -13.839249 -13.867683
26 11 -34.538859 -30.929904 -28.069536 -25.798794 -23.915798 -21.921304 -19.922277 -18.271000 -17.045965 -16.011993 -15.201592 -14.566943 -14.071864 -13.687340 -13.390172 -13.161853 -12.987625 -12.855806 -12.757255 -12.685006 -12.633666 -12.598940 -12.577652 -12.567021 -12.564246 -12.567295 -12.574635 -12.585181 -12.598270 -12.613420 -12.630341 -12.649057 -12.669273 -12.690913 -12.714253 -12.738850 -12.764615 -12.791438 -12.819574 -12.848606 -12.878449 -12.909152 -12.940532 -12.972517 -13.004842 -13.037665 -13.070940 -13.104602 -13.137465 -13.170547 -13.203819
26 12 -31.258384 -30.122622 -27.339524 -25.130209 -23.268860 -21.231836 -19.255321 -17.649807 -16.336380 -15.336204 -14.551234 -13.937104 -13.458232 -13.086524 -12.799612 -12.579806 -12.413131 -12.288575 -12.197065 -12.130318 -12.081459 -12.046156 -12.022394 -12.008596 -12.003286 -12.005118 -12.012374 -12.023667 -12.038064 -12.054905 -12.073721 -12.094303 -12.116497 -12.140214 -12.165449 -12.192041 -12.219888 -12.248880 -12.278961 -12.309988 -12.341867 -12.374519 -12.407881 -12.441894 -12.476403 -12.511462 -12.547027 -12.583058 -12.619199 -12.655721 -12.692601
26 13 -31.014028 -28.282193 -26.107928 -24.361893 -22.926276 -21.642627 -20.259712 -18.912397 -17.732653 -16.769556 -16.031194 -15.443937 -14.983406 -14.624480 -14.346223 -14.132013 -13.968393 -13.844491 -13.750922 -13.681034 -13.630421 -13.595948 -13.576408 -13.570894 -13.578497 -13.598376 -13.627445 -13.662556 -13.701204 -13.741137 -13.780831 -13.820137 -13.857592 -13.892920 -13.927386 -13.960050 -13.991419 -14.021891 -14.052595 -14.083016 -14.113398 -14.143531 -14.173843 -14.204389 -14.233384 -14.262727 -14.292481 -14.322409 -14.347990 -14.373849 -14.399979
26 14 -30.598780 -27.704067 -25.408003 -23.586986 -22.140280 -21.004930 -20.040645 -19.134509 -18.272725 -17.499614 -16.847810 -16.312735 -15.870168 -15.506964 -15.208195 -14.964985 -14.772050 -14.622124 -14.508886 -14.425551 -14.366442 -14.326503 -14.302045 -14.290362 -14.289142 -14.296888 -14.312111 -14.333544 -14.359948 -14.390193 -14.423118 -14.458311 -14.494249 -14.530240 -14.566959 -14.603153 -14.638776 -14.673813 -14.709202 -14.744114 -14.778625 -14.813077 -14.847252 -14.881215 -14.913381 -14.945343 -14.977095 -15.008587 -15.034737 -15.060005 -15.084812
26 15 -30.962512 -27.936961 -25.540761 -23.642831 -22.168791 -20.933254 -19.882426 -18.983554 -18.228007 -17.610275 -17.114063 -16.716296 -16.393671 -16.124127 -15.895269 -15.699507 -15.536978 -15.403092 -15.297913 -15.217022 -15.155818 -15.111564 -15.079854 -15.058226 -15.044764 -15.038128 -15.037469 -15.042195 -15.051679 -15.065433 -15.082893 -15.103146 -15.126653 -15.152495 -15.180408 -15.210149 -15.241510 -15.274476 -15.308846 -15.344495 -15.381194 -15.418889 -15.457346 -15.496432 -15.536147 -15.576312 -15.616834 -15.657661 -15.698821 -15.740056 -15.781382
26 16 -33.755254 -30.090235 -27.146526 -24.781969 -22.883235 -21.335997 -20.108961 -19.122945 -19.039498 -18.494130 -18.068028 -17.733409 -17.465771 -17.247085 -17.065102 -16.912435 -16.727259 -16.625096 -16.545005 -16.484922 -16.441587 -16.410408 -16.389717 -16.374937 -16.362575 -16.350134 -16.337175 -16.325097 -16.315281 -16.309836 -16.309937 -16.315794 -16.323943 -16.339212 -16.358971 -16.382511 -16.409177 -16.438368 -16.470723 -16.504771 -16.539804 -16.576026 -16.614050 -16.652711 -16.691975 -16.732273 -16.772988 -16.813705 -16.907880 -17.000701 -17.086153
26 17 -17.463272 -17.527528 -17.593549 -17.659694 -17.725825 -17.794037 -17.862412 -17.930761 -18.001897 -18.074042 -18.145428 -18.216761 -18.292643 -18.368259 -18.443774 -18.523549 -18.603444 -17.434942 -17.361699 -17.301006 -17.198390 -17.081000 -16.788257 -16.443731 -16.127165 -15.869550 -15.669494 -15.518698 -15.403645 -15.321218 -15.264945 -15.227269 -15.206268 -15.198599 -15.200628 -15.210922 -15.227777 -15.249666 -15.275776 -15.305031 -15.336770 -15.374427 -15.412570 -15.451288 -15.491641 -15.532428 -15.573554 -15.614967 -15.657780 -15.700749 -15.743816
26 18 -16.742970 -16.798525 -16.856110 -16.917260 -16.978338 -17.040345 -17.104242 -17.167504 -17.241477 -17.312976 -17.382660 -17.449916 -17.517437 -17.587783 -17.655771 -17.714826 -17.759562 -17.261492 -17.209577 -17.166691 -17.134579 -17.102067 -17.067789 -17.021734 -16.955679 -16.875468 -16.795869 -16.718496 -16.655081 -16.607611 -16.572653 -16.551072 -16.542840 -16.543044 -16.542357 -16.555741 -16.575553 -16.598408 -16.624136 -16.653145 -16.682055 -16.721610 -16.755399 -16.788757 -16.822467 -16.855820 -16.889639 -16.923496 -16.958590 -16.994322 -17.030097
26 19 -17.016226 -17.060901 -17.101501 -17.150580 -17.199063 -17.245591 -17.306531 -17.368792 -17.430409 -17.508579 -17.558840 -17.631810 -17.702598 -17.768745 -17.830657 -17.888055 -17.928163 -17.962226 -17.204108 -17.159122 -17.129219 -17.104663 -17.089703 -17.082356 -17.076946 -17.067992 -17.057557 -17.030595 -16.981287 -16.914322 -16.828986 -16.742256 -16.657996 -16.578549 -16.517417 -16.464244 -16.418781 -16.380010 -16.359036 -16.343018 -16.330777 -16.330996 -16.335451 -16.342116 -16.358932 -16.377223 -16.396678 -16.417148 -16.443609 -16.470594 -16.498036
26 20 -17.569437 -17.570186 -17.558032 -17.543735 -17.484992 -17.254083 -16.901809 -16.556760 -16.271667 -16.052919 -15.892622 -15.781226 -15.710250 -15.671837 -15.627876 -15.599935 -15.586313 -15.593746 -15.598851 -15.618681 -15.642660 -15.668500 -15.691141 -15.715661 -15.738218 -15.759265 -15.777461 -15.800559 -15.799224 -15.804045 -15.800248 -15.784904 -15.918292 -15.942593 -15.966712 -15.990829 -16.014834 -16.036976 -16.060326 -16.083753 -16.107387 -16.139136 -16.168646 -16.196525 -16.226904 -16.255058 -16.282845 -16.310424 -16.338618 -16.370071 -16.400926
26 21 -15.229722 -15.258411 -15.285223 -15.309034 -15.356911 -15.404447 -15.450827 -15.521794 -15.592368 -15.660902 -15.747968 -15.833042 -15.910872 -15.973594 -16.006931 -15.995038 -15.940905 -15.863066 -15.784266 -15.700038 -15.643887 -15.603874 -15.578775 -15.566293 -15.559841 -15.561309 -15.568741 -15.579439 -15.593388 -15.609917 -15.628896 -15.649577 -15.671927 -15.695862 -15.720185 -15.745486 -15.771687 -15.799732 -15.828303 -15.857787 -15.888975 -15.924939 -15.959342 -15.993161 -16.028211 -16.063023 -16.097706 -16.133395 -16.169164 -16.204931 -16.241789
26 22 -15.125864 -15.226039 -15.325947 -15.425611 -15.529472 -15.636318 -15.741991 -15.842039 -15.937060 -16.030403 -16.117798 -16.199884 -16.279551 -16.355979 -16.422747 -16.481876 -16.538348 -16.594991 -16.651290 -16.557328 -16.583203 -16.604523 -16.626145 -16.646702 -16.670843 -16.687612 -16.704906 -16.725961 -16.750853 -16.776014 -16.803296 -16.835737 -16.865950 -16.892752 -16.915587 -16.926063 -16.919496 -16.893730 -16.853411 -16.802222 -16.744001 -16.693388 -16.645390 -16.601214 -16.573195 -16.550281 -16.531500 -16.516305 -16.515859 -16.518114 -16.522422
26 23 -16.194073 -16.238360 -16.281608 -16.323836 -16.366047 -16.412060 -16.456484 -16.498408 -16.533983 -16.567542 -16.600432 -16.642427 -16.680415 -16.713273 -16.742676 -16.776953 -16.813799 -16.847890 -16.894698 -16.694456 -16.705199 -16.718099 -16.733276 -16.752095 -16.772973 -16.794590 -16.815711 -16.831368 -16.836352 -16.813042 -16.755324 -16.673512 -16.569766 -16.453137 -16.341724 -16.234839 -16.137254 -16.051300 -15.984907 -15.928484 -15.880818 -15.846577 -15.818270 -15.794936 -15.781438 -15.771155 -15.763427 -15.757790 -15.755504 -15.753960 -15.752889
26 24 -16.277367 -16.303732 -16.315293 -16.289294 -16.217212 -16.201354 -16.206430 -16.205194 -16.196845 -15.901003 -15.213115 -15.094039 -14.628154 -14.259267 -13.974248 -13.756835 -13.593132 -13.472817 -13.385593 -13.323620 -13.283356 -13.259266 -13.247028 -13.245674 -13.252869 -13.265854 -13.282653 -13.303203 -13.325761 -13.349274 -13.374620 -13.400737 -13.426982 -13.454547 -13.483319 -13.512574 -13.541877 -13.572000 -13.603160 -13.635437 -13.668182 -13.702131 -13.737470 -13.773038 -13.808783 -13.845450 -13.883369 -13.921369 -13.959949 -13.999366 -14.038816
26 25 -13.709477 -13.770931 -13.833005 -13.895002 -13.956919 -14.019597 -14.083402 -14.147098 -14.211418 -14.276709 -14.341839 -14.407886 -14.475385 -14.542645 -14.609665 -14.678057 -14.748484 -14.818558 -14.890034 -14.963733 -15.031668 -15.105577 -15.182685 -15.259021 -15.334555 -15.412512 -15.494288 -15.574981 -15.657719 -15.743639 -15.824758 -15.901103 -15.978835 -16.043873 -16.088937 -16.129733 -16.193238 -16.250261 -16.315256 -16.398872 -16.479838 -16.567088 -16.664569 -16.758819 -16.849554 -16.940663 -17.032975 -17.120183 -17.203560 -17.283417 -17.358360
26 26 -15.456894 -15.521031 -15.587463 -15.654303 -15.720682 -15.785601 -15.854275 -15.923274 -15.993093 -16.065800 -16.138288 -16.210856 -16.288710 -16.367377 -16.445012 -16.522819 -16.609999 -16.694949 -16.780881 -16.873118 -16.640157 -16.665647 -16.696989 -16.728087 -16.759018 -16.789667 -16.820581 -16.852297 -16.884883 -16.916354 -16.942789 -16.967586 -16.992227 -17.018771 -17.045193 -17.070318 -17.096575 -17.123225 -17.150568 -17.178947 -17.205171 -17.233435 -17.262587 -17.292391 -17.322653 -17.353329 -17.386019 -17.419280 -17.453087 -17.487374 -17.523328
