Z z1        4.0        4.1        4.2        4.3        4.4        4.5        4.6        4.7        4.8        4.9        5.0        5.1        5.2        5.3        5.4        5.5        5.6        5.7        5.8        5.9        6.0        6.1        6.2        6.3        6.4        6.5        6.6        6.7        6.8        6.9        7.0        7.1        7.2        7.3        7.4        7.5        7.6        7.7        7.8        7.9        8.0        8.1        8.2        8.3        8.4        8.5        8.6        8.7        8.8        8.9        9.0
26  0 -14.965264 -15.020863 -15.073145 -15.118447 -15.168153 -15.212489 -15.234713 -15.224069 -15.139597 -14.878049 -14.420116 -13.935072 -13.518593 -13.184765 -12.924000 -12.723421 -12.571141 -12.457460 -12.373690 -12.313296 -12.271262 -12.243634 -12.227966 -12.222060 -12.224532 -12.233899 -12.248132 -12.265564 -12.285641 -12.307009 -12.329082 -12.352633 -12.376516 -12.400548 -12.426129 -12.452040 -12.478338 -12.505018 -12.533397 -12.562228 -12.591468 -12.621733 -12.652393 -12.683381 -12.714373 -12.745641 -12.777070 -12.808624 -12.837763 -12.866868 -12.895928
26  1 -28.349347 -27.616747 -26.401060 -25.441258 -24.663504 -24.045056 -23.505015 -22.710794 -21.629293 -20.652892 -19.834304 -19.134975 -18.513188 -18.537749 -18.236064 -17.998449 -17.811631 -17.711650 -17.590794 -17.494896 -17.418278 -17.359263 -17.312145 -17.274350 -17.251750 -17.235090 -17.236532 -17.228338 -17.229773 -17.233364 -17.238900 -17.251839 -17.265296 -17.265294 -17.284969 -17.305110 -17.325540 -17.346159 -17.370454 -17.394831 -17.419305 -17.444231 -17.469191 -17.494172 -17.515533 -17.536874 -17.557798 -17.579026 -17.589033 -17.599042 -17.609050
26  2 -27.717817 -26.086754 -24.784629 -23.743228 -22.905264 -22.224612 -21.629467 -20.967669 -20.149974 -19.266817 -18.438227 -17.727590 -17.129910 -16.633024 -16.223454 -15.885359 -15.605956 -15.374139 -15.187531 -15.032127 -14.901585 -14.800693 -14.715741 -14.643402 -14.597630 -14.560001 -14.528630 -14.502317 -14.496931 -14.494599 -14.494501 -14.506720 -14.520391 -14.535206 -14.556987 -14.579487 -14.602609 -14.626231 -14.656936 -14.687962 -14.719211 -14.754016 -14.788919 -14.824015 -14.861451 -14.899034 -14.936639 -14.974244 -15.013049 -15.051722 -15.090453
26  3 -20.909463 -20.496012 -19.363715 -18.375831 -17.589592 -16.969565 -16.482617 -16.101954 -15.802957 -15.572092 -15.395553 -15.258042 -15.153767 -15.074766 -15.009826 -14.959448 -14.920490 -14.890891 -14.865196 -14.843359 -14.825597 -14.810146 -14.796545 -14.783819 -14.776372 -14.769423 -14.761754 -14.753266 -14.750745 -14.747650 -14.743943 -14.746734 -14.749243 -14.751593 -14.760555 -14.770121 -14.780103 -14.790618 -14.808315 -14.826580 -14.845136 -14.867934 -14.890985 -14.914333 -14.938937 -14.963573 -14.988234 -15.012899 -15.036302 -15.059427 -15.082262
26  4 -22.550364 -20.878000 -19.577306 -18.488295 -17.722535 -17.135847 -16.683225 -16.330844 -16.054989 -15.838051 -15.666871 -15.527848 -15.402031 -15.265051 -15.100951 -14.928731 -14.779247 -14.668625 -14.593213 -14.547371 -14.521607 -14.508086 -14.502504 -14.501564 -14.505394 -14.510262 -14.514617 -14.517207 -14.523123 -14.526985 -14.529365 -14.535947 -14.541463 -14.546333 -14.557664 -14.569024 -14.580628 -14.592106 -14.610042 -14.628552 -14.647381 -14.670693 -14.694356 -14.718234 -14.743858 -14.769720 -14.795795 -14.821996 -14.846574 -14.871006 -14.895323
26  5 -28.076135 -25.587389 -23.612078 -22.044807 -20.786722 -19.772627 -18.973538 -18.246371 -17.463165 -16.679088 -15.996587 -15.438401 -14.995531 -14.648863 -14.375447 -14.164149 -14.002406 -13.880000 -13.784062 -13.712567 -13.660359 -13.620942 -13.593369 -13.575035 -13.563583 -13.557631 -13.555859 -13.557194 -13.562798 -13.570140 -13.578825 -13.591361 -13.604720 -13.618634 -13.637004 -13.655929 -13.675194 -13.694807 -13.717745 -13.740965 -13.764408 -13.788888 -13.813510 -13.838337 -13.860680 -13.883106 -13.905726 -13.928163 -13.941377 -13.954524 -13.967654
26  6 -24.103856 -24.118511 -24.150441 -24.096863 -23.082644 -21.704566 -20.266892 -19.027258 -17.991823 -17.077131 -16.351880 -15.780309 -15.333571 -14.986843 -14.718990 -14.514117 -14.358541 -14.240851 -14.150255 -14.080275 -14.024939 -13.979227 -13.940734 -13.907178 -13.879737 -13.855650 -13.833937 -13.814086 -13.802325 -13.792494 -13.784168 -13.784515 -13.786293 -13.789255 -13.800437 -13.812793 -13.826004 -13.839961 -13.860028 -13.880773 -13.901965 -13.927394 -13.953170 -13.979217 -14.007009 -14.034907 -14.062944 -14.090916 -14.116818 -14.142525 -14.167908
26  7 -24.771488 -24.773744 -24.755786 -24.656112 -24.204997 -22.271344 -20.429639 -18.959794 -17.793006 -16.936470 -16.222542 -15.650627 -15.195494 -14.829631 -14.533360 -14.291517 -14.095259 -13.938352 -13.815351 -13.721079 -13.651003 -13.600546 -13.566053 -13.544281 -13.533034 -13.529399 -13.531498 -13.537741 -13.549498 -13.563636 -13.579389 -13.599850 -13.621328 -13.643383 -13.669650 -13.696391 -13.723421 -13.750567 -13.780775 -13.811033 -13.841363 -13.873274 -13.905197 -13.937141 -13.967875 -13.998602 -14.029299 -14.059845 -14.084160 -14.108238 -14.132100
26  8 -25.362372 -25.363511 -25.380300 -25.394810 -24.126833 -21.923721 -20.131035 -18.699661 -17.554640 -16.745663 -16.061358 -15.525519 -15.112867 -14.793736 -14.544647 -14.346843 -14.187362 -14.058107 -13.953171 -13.869881 -13.805693 -13.757276 -13.722950 -13.700265 -13.687037 -13.681070 -13.680531 -13.683958 -13.692758 -13.703810 -13.716457 -13.733733 -13.752009 -13.770883 -13.794352 -13.818436 -13.842875 -13.867568 -13.896045 -13.924793 -13.953693 -13.984353 -14.015119 -14.046011 -14.076806 -14.107741 -14.138711 -14.169594 -14.195650 -14.221485 -14.247104
26  9 -25.287239 -25.289730 -25.302411 -25.316997 -24.523564 -22.388954 -20.631235 -19.243158 -18.292730 -17.458646 -16.787614 -16.261835 -15.848412 -15.517133 -15.248087 -15.023307 -14.830927 -14.664829 -14.522788 -14.404102 -14.307472 -14.230625 -14.170940 -14.126462 -14.095390 -14.075260 -14.063550 -14.057673 -14.056248 -14.058754 -14.064629 -14.073729 -14.085473 -14.100126 -14.115902 -14.133023 -14.152397 -14.171840 -14.192600 -14.214898 -14.237098 -14.259795 -14.282592 -14.305271 -14.327787 -14.349612 -14.365702 -14.381400 -14.395221 -14.408747 -14.421856
26 10 -26.511757 -26.607794 -26.702101 -25.952973 -24.060049 -22.189572 -20.464441 -19.036023 -17.948343 -17.051005 -16.351645 -15.809927 -15.391763 -15.069241 -14.818454 -14.620432 -14.461479 -14.332580 -14.226390 -14.137919 -14.064943 -14.006891 -13.963820 -13.934415 -13.916362 -13.908226 -13.907635 -13.912725 -13.922013 -13.934493 -13.949196 -13.966669 -13.985540 -14.005268 -14.027962 -14.051281 -14.075065 -14.099124 -14.126150 -14.153439 -14.180815 -14.209825 -14.238734 -14.267528 -14.296593 -14.325377 -14.353952 -14.382169 -14.405481 -14.428151 -14.450016
26 11 -33.428224 -30.974992 -28.183552 -25.905422 -23.959679 -21.975743 -20.133395 -18.620665 -17.364169 -16.415921 -15.670064 -15.087371 -14.634585 -14.284129 -14.014717 -13.809393 -13.654612 -13.539618 -13.455863 -13.396782 -13.357257 -13.333115 -13.321336 -13.319353 -13.324708 -13.335793 -13.351269 -13.370069 -13.391293 -13.414373 -13.438845 -13.464818 -13.491701 -13.519218 -13.548216 -13.577771 -13.607758 -13.638038 -13.669860 -13.701987 -13.734311 -13.767570 -13.800994 -13.834528 -13.868158 -13.901839 -13.935494 -13.969042 -13.999935 -14.030506 -14.060703
26 12 -24.692868 -24.704202 -24.723239 -24.627375 -23.452969 -21.967700 -20.460520 -19.036883 -17.869356 -16.872454 -16.101714 -15.494367 -15.017481 -14.644419 -14.353089 -14.126295 -13.950419 -13.815418 -13.713153 -13.636564 -13.579770 -13.538513 -13.510333 -13.493108 -13.484511 -13.482974 -13.486950 -13.494942 -13.505658 -13.518652 -13.533527 -13.550154 -13.567833 -13.586239 -13.606251 -13.627405 -13.649667 -13.672849 -13.698114 -13.724039 -13.750436 -13.778094 -13.806069 -13.834337 -13.863013 -13.891831 -13.920731 -13.949701 -13.975892 -14.001801 -14.027318
26 13 -23.759598 -23.834176 -23.902696 -23.859438 -22.989512 -21.448665 -19.681778 -18.152501 -16.900777 -15.947080 -15.198534 -14.614084 -14.160475 -13.810935 -13.543909 -13.342121 -13.191464 -13.080234 -12.998489 -12.938747 -12.896567 -12.869405 -12.856331 -12.857165 -12.872035 -12.900223 -12.938111 -12.982003 -13.028789 -13.075824 -13.121163 -13.163852 -13.202852 -13.237977 -13.270022 -13.299154 -13.326275 -13.352150 -13.377796 -13.403173 -13.428576 -13.454245 -13.480294 -13.506805 -13.533118 -13.559981 -13.587394 -13.615301 -13.641300 -13.667715 -13.694475
26 14 -25.115248 -25.106638 -24.944096 -23.599355 -22.142548 -20.752567 -19.152324 -17.603674 -16.446528 -15.532757 -14.815502 -14.254716 -13.818135 -13.480124 -13.220396 -13.022900 -12.875013 -12.766725 -12.689732 -12.637166 -12.603408 -12.583850 -12.574850 -12.573610 -12.578114 -12.587052 -12.599460 -12.614659 -12.632141 -12.651602 -12.672799 -12.695629 -12.719872 -12.745418 -12.772321 -12.800338 -12.829374 -12.859347 -12.890272 -12.921989 -12.954433 -12.987533 -13.021251 -13.055542 -13.090154 -13.125258 -13.160814 -13.196787 -13.232505 -13.268561 -13.304924
26 15 -24.648059 -24.661396 -24.601050 -23.439685 -22.003783 -20.782837 -19.754450 -18.879853 -18.142475 -17.536288 -17.048571 -16.660259 -16.352342 -16.107827 -15.913142 -15.755268 -15.633003 -15.538125 -15.466488 -15.413885 -15.378130 -15.355762 -15.344072 -15.340845 -15.344448 -15.353475 -15.366818 -15.383573 -15.402904 -15.424242 -15.447148 -15.468474 -15.494092 -15.520638 -15.548565 -15.577261 -15.606728 -15.636885 -15.668527 -15.700782 -15.733581 -15.767326 -15.801756 -15.836567 -15.872572 -15.908925 -15.945557 -15.982433 -16.019620 -16.056953 -16.093810
26 16 -25.139204 -25.132944 -25.136231 -24.701524 -22.988053 -21.430558 -20.204350 -19.218898 -19.135616 -18.589970 -18.161650 -17.820504 -17.539285 -17.299507 -17.091660 -16.912406 -16.716714 -16.597587 -16.504750 -16.434158 -16.381890 -16.345347 -16.322202 -16.309548 -16.305356 -16.308706 -16.317741 -16.331600 -16.349607 -16.370914 -16.395125 -16.422784 -16.452612 -16.483603 -16.515850 -16.549166 -16.583382 -16.618195 -16.654000 -16.689881 -16.725855 -16.761934 -16.799029 -16.836116 -16.873127 -16.911141 -16.949180 -16.986939 -17.080772 -17.171002 -17.251951
26 17 -17.307229 -17.371562 -17.437684 -17.503932 -17.570165 -17.638507 -17.707015 -17.775498 -17.846842 -17.918742 -17.990309 -18.061824 -18.137757 -18.213630 -18.289405 -18.369504 -18.449733 -17.519158 -17.464572 -17.422143 -17.386556 -17.348354 -17.291177 -17.172768 -17.008070 -16.834242 -16.674697 -16.542811 -16.442403 -16.369350 -16.319677 -16.289031 -16.274431 -16.274722 -16.278912 -16.293462 -16.313089 -16.337010 -16.364746 -16.394952 -16.429017 -16.505054 -16.569840 -16.622517 -16.675698 -16.725071 -16.767164 -16.805818 -16.850995 -16.895312 -16.939020
26 18 -16.351784 -16.410564 -16.468202 -16.529945 -16.592401 -16.651640 -16.716629 -16.770772 -16.837712 -16.899803 -16.959583 -17.015274 -17.087419 -17.152125 -17.199875 -17.236122 -17.280730 -17.106101 -17.099627 -17.091938 -17.083600 -17.075097 -17.057354 -17.010096 -16.936574 -16.853853 -16.779050 -16.705822 -16.651558 -16.619811 -16.596886 -16.584357 -16.583783 -16.593490 -16.601328 -16.621158 -16.644436 -16.670316 -16.698355 -16.727974 -16.758448 -16.796747 -16.833079 -16.868541 -16.903812 -16.938449 -16.973408 -17.008224 -17.060116 -17.096559 -17.132984
26 19 -17.028142 -17.075364 -17.119852 -17.174235 -17.228891 -17.282425 -17.347872 -17.412130 -17.420539 -17.492598 -17.565003 -17.706008 -17.773836 -17.836222 -17.894175 -17.947523 -17.985904 -18.019126 -17.304968 -17.266327 -17.236902 -17.220056 -17.211319 -17.205185 -17.196795 -17.178348 -17.161647 -17.127027 -17.075316 -17.010333 -16.931131 -16.851116 -16.770463 -16.698080 -16.641384 -16.591032 -16.547942 -16.511095 -16.491556 -16.476494 -16.465293 -16.467972 -16.473179 -16.480520 -16.497879 -16.516723 -16.536718 -16.557676 -16.584528 -16.611884 -16.639691
26 20 -17.597171 -17.618502 -17.631478 -17.635502 -17.587182 -17.374923 -17.035607 -16.695874 -16.412809 -16.194847 -16.034806 -15.923548 -15.852466 -15.813282 -15.769606 -15.740590 -15.725207 -15.730038 -15.731921 -15.748330 -15.768532 -15.791011 -15.810821 -15.832815 -15.853249 -15.872715 -15.889811 -15.911759 -15.910799 -15.915884 -15.913105 -15.899603 -16.025996 -16.050250 -16.074314 -16.098220 -16.122202 -16.146153 -16.170008 -16.193825 -16.217959 -16.249789 -16.279430 -16.307461 -16.336412 -16.364823 -16.392890 -16.420704 -16.449274 -16.479051 -16.510192
26 21 -15.379386 -15.408183 -15.434771 -15.458666 -15.506617 -15.553992 -15.600433 -15.671374 -15.741901 -15.810949 -15.897711 -15.982364 -16.063303 -16.139248 -16.211573 -16.278845 -16.341226 -16.399890 -16.455999 -16.439143 -16.466308 -16.491694 -16.516075 -16.539277 -16.554219 -16.568657 -16.582415 -16.614495 -16.646051 -16.675075 -16.725330 -16.773177 -16.817582 -16.858913 -16.905198 -16.946134 -16.982316 -17.016895 -17.048729 -17.077149 -17.102624 -17.133295 -17.161575 -17.188088 -17.215618 -17.242659 -17.269800 -17.296306 -17.324852 -17.353834 -17.382785
26 22 -15.575073 -15.674836 -15.774451 -15.873163 -15.976529 -16.082781 -16.188630 -16.287943 -16.381639 -16.470777 -16.555012 -16.623852 -16.670325 -16.684727 -16.666068 -16.636037 -16.607641 -16.589828 -16.584613 -16.500187 -16.507333 -16.512649 -16.527296 -16.547906 -16.570266 -16.589521 -16.606613 -16.622230 -16.642529 -16.656841 -16.670303 -16.690498 -16.709766 -16.729490 -16.750421 -16.773539 -16.797675 -16.822551 -16.847977 -16.874667 -16.902107 -16.938226 -16.972518 -17.005375 -17.038791 -17.072914 -17.106771 -17.140489 -17.176084 -17.211785 -17.247231
26 23 -15.955220 -16.002630 -16.049023 -16.094363 -16.140927 -16.198283 -16.254286 -16.308341 -16.358144 -16.406093 -16.452192 -16.500048 -16.542198 -16.576622 -16.603484 -16.634359 -16.655586 -16.680265 -16.715172 -16.611616 -16.626310 -16.645220 -16.664074 -16.684431 -16.705712 -16.728757 -16.753063 -16.777856 -16.808723 -16.839862 -16.868208 -16.901977 -16.936366 -16.970825 -17.003326 -17.036194 -17.068167 -17.099282 -17.129526 -17.157110 -17.184122 -17.212692 -17.231248 -17.259158 -17.286406 -17.314553 -17.342519 -17.370100 -17.398204 -17.426820 -17.454534
26 24 -16.272582 -16.302861 -16.319734 -16.301539 -16.238716 -16.226514 -16.233770 -16.235963 -16.266846 -16.304464 -16.328836 -16.370691 -16.377053 -16.344552 -16.277704 -16.200607 -16.122594 -16.054495 -16.003157 -15.965330 -15.912782 -15.899090 -15.895180 -15.899769 -15.911195 -15.926692 -15.945073 -15.966607 -15.989884 -16.013641 -16.038402 -16.063993 -16.089750 -16.116695 -16.144486 -16.173071 -16.202026 -16.231890 -16.262825 -16.294652 -16.327094 -16.361885 -16.398373 -16.434434 -16.470135 -16.507491 -16.545612 -16.583864 -16.622561 -16.661920 -16.701403
26 25 -15.816534 -15.878780 -15.941956 -16.005078 -16.067449 -16.131825 -16.196943 -16.258772 -16.325195 -16.392407 -16.459572 -16.531606 -16.602119 -16.672446 -16.748623 -16.820894 -16.896068 -16.971101 -17.048346 -17.128979 -16.834669 -16.845772 -16.878293 -16.906711 -16.935392 -16.969254 -17.003038 -17.033112 -17.064301 -17.092159 -17.115005 -17.140228 -17.167247 -17.195233 -17.219650 -17.244509 -17.271418 -17.298798 -17.327077 -17.352173 -17.379142 -17.407704 -17.437195 -17.467142 -17.497283 -17.528605 -17.561760 -17.595422 -17.629642 -17.664256 -17.700618
26 26 -16.409409 -16.473273 -16.540074 -16.606440 -16.673213 -16.739671 -16.809909 -16.879440 -16.948203 -17.020476 -17.093702 -17.166987 -17.245688 -17.322883 -17.401434 -17.480162 -17.561624 -17.647702 -17.730046 -17.823189 -16.984050 -16.978457 -16.981099 -16.989951 -17.002287 -17.015424 -17.033875 -17.054501 -17.076197 -17.097080 -17.116934 -17.137122 -17.160693 -17.184804 -17.207073 -17.229745 -17.254388 -17.280045 -17.306392 -17.329954 -17.354539 -17.381651 -17.409642 -17.438434 -17.467739 -17.497697 -17.530122 -17.563282 -17.597089 -17.631365 -17.667460
